Type	Chromosome	Region	NumVariants
0	1	0	18
1	1	0	1
0	1	1	57
1	1	1	37
0	1	2	149
1	1	2	524
0	1	3	223
1	1	3	20
0	1	4	585
1	1	4	29
0	1	5	482
1	1	5	13
0	1	6	201
1	1	6	19
0	1	7	357
1	1	7	645
0	1	8	208
1	1	8	391
0	1	9	223
1	1	9	25
0	1	10	191
1	1	10	15
0	1	11	255
1	1	11	52
0	1	12	199
1	1	12	19
0	1	13	86
1	1	13	3
0	1	14	454
1	1	14	31
0	1	15	400
1	1	15	12
0	1	16	146
1	1	16	18
0	1	17	259
1	1	17	298
0	1	18	480
1	1	18	15
0	1	19	353
1	1	19	30
0	1	20	409
1	1	20	324
0	1	21	225
1	1	21	17
0	1	22	310
1	1	22	223
0	1	23	257
1	1	23	11
0	1	24	235
1	1	24	15
0	1	25	206
1	1	25	171
0	1	26	213
1	1	26	14
0	1	27	90
1	1	27	10
0	1	28	120
1	1	28	2
0	1	29	176
1	1	29	8
0	1	30	466
1	1	30	35
0	1	31	326
1	1	31	7
0	1	32	113
1	1	32	10
0	1	33	161
1	1	33	8
0	1	34	485
1	1	34	9
0	1	35	169
1	1	35	29
0	1	36	147
1	1	36	11
0	1	37	348
1	1	37	8
0	1	38	247
1	1	38	46
0	1	39	227
1	1	39	9
0	1	40	224
1	1	40	12
0	1	41	266
1	1	41	10
0	1	42	300
1	1	42	9
0	1	43	271
1	1	43	13
0	1	44	248
1	1	44	15
0	1	45	178
1	1	45	6
0	1	46	164
1	1	46	12
0	1	47	254
1	1	47	7
0	1	48	347
1	1	48	9
0	1	49	259
1	1	49	7
0	1	50	129
1	1	50	3
0	1	51	68
1	1	51	24
0	1	52	124
1	1	52	7
0	1	53	280
1	1	53	29
0	1	54	312
1	1	54	10
0	1	55	447
1	1	55	114
0	1	56	422
1	1	56	15
0	1	57	478
1	1	57	17
0	1	58	489
1	1	58	13
0	1	59	363
1	1	59	21
0	1	60	272
1	1	60	8
0	1	61	362
1	1	61	19
0	1	62	355
1	1	62	21
0	1	63	302
1	1	63	27
0	1	64	387
1	1	64	15
0	1	65	328
1	1	65	26
0	1	66	382
1	1	66	19
0	1	67	364
1	1	67	820
0	1	68	402
1	1	68	25
0	1	69	210
1	1	69	11
0	1	70	261
1	1	70	13
0	1	71	276
1	1	71	14
0	1	72	225
1	1	72	10
0	1	73	211
1	1	73	4
0	1	74	223
1	1	74	4
0	1	75	265
1	1	75	16
0	1	76	381
1	1	76	14
0	1	77	362
1	1	77	28
0	1	78	181
1	1	78	9
0	1	79	305
1	1	79	10
0	1	80	336
1	1	80	7
0	1	81	380
1	1	81	17
0	1	82	274
1	1	82	13
0	1	83	324
1	1	83	15
0	1	84	363
1	1	84	9
0	1	85	384
1	1	85	73
0	1	86	337
1	1	86	13
0	1	87	256
1	1	87	17
0	1	88	343
1	1	88	15
0	1	89	268
1	1	89	21
0	1	90	303
1	1	90	15
0	1	91	280
1	1	91	12
0	1	92	266
1	1	92	1008
0	1	93	146
1	1	93	834
0	1	94	322
1	1	94	12
0	1	95	426
1	1	95	8
0	1	96	283
1	1	96	13
0	1	97	238
1	1	97	21
0	1	98	181
1	1	98	45
0	1	99	320
1	1	99	12
0	1	100	250
1	1	100	11
0	1	101	327
1	1	101	905
0	1	102	344
1	1	102	21
0	1	103	191
1	1	103	7
0	1	104	176
1	1	104	12
0	1	105	219
1	1	105	3
0	1	106	252
1	1	106	4
0	1	107	318
1	1	107	9
0	1	108	345
1	1	108	23
0	1	109	203
1	1	109	15
0	1	110	318
1	1	110	14
0	1	111	469
1	1	111	17
0	1	112	471
1	1	112	16
0	1	113	192
1	1	113	286
0	1	114	261
1	1	114	739
0	1	115	318
1	1	115	9
0	1	116	384
1	1	116	8
0	1	117	297
1	1	117	470
0	1	118	265
1	1	118	8
0	1	119	300
1	1	119	15
0	1	120	190
1	1	120	11
0	1	121	18
1	1	121	1
0	1	142	2
0	1	143	3
0	1	144	42
1	1	144	1
0	1	145	66
1	1	145	5
0	1	146	192
1	1	146	1
0	1	147	150
1	1	147	3
0	1	148	3
0	1	149	39
1	1	149	3
0	1	150	130
1	1	150	8
0	1	151	199
1	1	151	20
0	1	152	331
1	1	152	559
0	1	153	279
1	1	153	15
0	1	154	232
1	1	154	57
0	1	155	94
1	1	155	931
0	1	156	222
1	1	156	60
0	1	157	401
1	1	157	41
0	1	158	409
1	1	158	40
0	1	159	325
1	1	159	28
0	1	160	307
1	1	160	620
0	1	161	261
1	1	161	729
0	1	162	497
1	1	162	40
0	1	163	363
1	1	163	34
0	1	164	419
1	1	164	13
0	1	165	482
1	1	165	28
0	1	166	385
1	1	166	10
0	1	167	414
1	1	167	24
0	1	168	439
1	1	168	27
0	1	169	410
1	1	169	138
0	1	170	307
1	1	170	16
0	1	171	354
1	1	171	17
0	1	172	309
1	1	172	482
0	1	173	219
1	1	173	679
0	1	174	111
1	1	174	4
0	1	175	433
1	1	175	17
0	1	176	243
1	1	176	7
0	1	177	395
1	1	177	12
0	1	178	209
1	1	178	4
0	1	179	302
1	1	179	13
0	1	180	292
1	1	180	28
0	1	181	414
1	1	181	8
0	1	182	331
1	1	182	20
0	1	183	360
1	1	183	673
0	1	184	294
1	1	184	8
0	1	185	237
1	1	185	13
0	1	186	273
1	1	186	16
0	1	187	334
1	1	187	4
0	1	188	268
1	1	188	8
0	1	189	273
1	1	189	4
0	1	190	287
0	1	191	205
1	1	191	6
0	1	192	287
1	1	192	827
0	1	193	258
1	1	193	8
0	1	194	283
1	1	194	6
0	1	195	307
1	1	195	15
0	1	196	193
1	1	196	10
0	1	197	199
1	1	197	1126
0	1	198	252
1	1	198	777
0	1	199	306
1	1	199	4
0	1	200	324
1	1	200	314
0	1	201	454
1	1	201	132
0	1	202	272
1	1	202	17
0	1	203	340
1	1	203	20
0	1	204	445
1	1	204	14
0	1	205	300
1	1	205	26
0	1	206	162
1	1	206	556
0	1	207	288
1	1	207	346
0	1	208	508
1	1	208	16
0	1	209	415
1	1	209	10
0	1	210	406
1	1	210	26
0	1	211	300
1	1	211	5
0	1	212	300
1	1	212	14
0	1	213	297
1	1	213	10
0	1	214	426
1	1	214	23
0	1	215	294
1	1	215	19
0	1	216	391
1	1	216	11
0	1	217	414
1	1	217	15
0	1	218	354
1	1	218	20
0	1	219	377
1	1	219	11
0	1	220	287
1	1	220	12
0	1	221	351
1	1	221	9
0	1	222	271
1	1	222	4
0	1	223	296
1	1	223	16
0	1	224	278
1	1	224	6
0	1	225	244
1	1	225	17
0	1	226	278
1	1	226	37
0	1	227	318
1	1	227	10
0	1	228	212
1	1	228	9
0	1	229	379
1	1	229	7
0	1	230	468
1	1	230	15
0	1	231	289
1	1	231	21
0	1	232	500
1	1	232	20
0	1	233	456
1	1	233	18
0	1	234	478
1	1	234	10
0	1	235	207
1	1	235	19
0	1	236	414
1	1	236	24
0	1	237	482
1	1	237	22
0	1	238	472
1	1	238	18
0	1	239	329
1	1	239	21
0	1	240	441
1	1	240	32
0	1	241	425
1	1	241	11
0	1	242	443
1	1	242	347
0	1	243	160
1	1	243	135
0	1	244	306
1	1	244	22
0	1	245	383
1	1	245	12
0	1	246	360
1	1	246	14
0	1	247	264
1	1	247	19
0	1	248	177
1	1	248	9
0	2	0	345
1	2	0	11
0	2	1	306
1	2	1	7
0	2	2	420
1	2	2	23
0	2	3	379
1	2	3	14
0	2	4	426
1	2	4	16
0	2	5	371
1	2	5	11
0	2	6	512
1	2	6	15
0	2	7	429
1	2	7	10
0	2	8	426
1	2	8	20
0	2	9	298
1	2	9	14
0	2	10	370
1	2	10	24
0	2	11	344
1	2	11	10
0	2	12	489
1	2	12	31
0	2	13	280
1	2	13	7
0	2	14	328
1	2	14	3
0	2	15	386
1	2	15	21
0	2	16	371
1	2	16	19
0	2	17	290
1	2	17	12
0	2	18	430
1	2	18	10
0	2	19	452
1	2	19	16
0	2	20	350
1	2	20	25
0	2	21	299
1	2	21	136
0	2	22	232
1	2	22	4
0	2	23	412
1	2	23	14
0	2	24	152
1	2	24	6
0	2	25	189
1	2	25	282
0	2	26	215
1	2	26	8
0	2	27	130
1	2	27	23
0	2	28	254
1	2	28	19
0	2	29	430
1	2	29	23
0	2	30	371
1	2	30	23
0	2	31	354
1	2	31	25
0	2	32	113
1	2	32	11
0	2	33	424
1	2	33	140
0	2	34	419
1	2	34	23
0	2	35	318
1	2	35	9
0	2	36	528
1	2	36	15
0	2	37	359
1	2	37	22
0	2	38	442
1	2	38	22
0	2	39	246
1	2	39	6
0	2	40	465
1	2	40	20
0	2	41	411
1	2	41	19
0	2	42	351
1	2	42	17
0	2	43	375
1	2	43	1369
0	2	44	344
1	2	44	23
0	2	45	468
1	2	45	18
0	2	46	496
1	2	46	25
0	2	47	357
1	2	47	21
0	2	48	222
1	2	48	16
0	2	49	402
1	2	49	18
0	2	50	391
1	2	50	18
0	2	51	306
1	2	51	18
0	2	52	361
1	2	52	19
0	2	53	452
1	2	53	32
0	2	54	347
1	2	54	8
0	2	55	324
1	2	55	17
0	2	56	364
1	2	56	19
0	2	57	304
1	2	57	8
0	2	58	222
1	2	58	22
0	2	59	355
1	2	59	11
0	2	60	384
1	2	60	148
0	2	61	152
1	2	61	1295
0	2	62	194
1	2	62	391
0	2	63	114
1	2	63	9
0	2	64	285
1	2	64	10
0	2	65	323
1	2	65	671
0	2	66	363
1	2	66	10
0	2	67	420
1	2	67	25
0	2	68	344
1	2	68	461
0	2	69	348
1	2	69	16
0	2	70	329
1	2	70	17
0	2	71	302
1	2	71	21
0	2	72	216
1	2	72	4
0	2	73	162
1	2	73	14
0	2	74	251
1	2	74	12
0	2	75	392
1	2	75	13
0	2	76	321
1	2	76	15
0	2	77	277
1	2	77	13
0	2	78	237
1	2	78	9
0	2	79	480
1	2	79	11
0	2	80	422
1	2	80	18
0	2	81	199
1	2	81	4
0	2	82	223
1	2	82	15
0	2	83	219
1	2	83	1
0	2	84	254
1	2	84	9
0	2	85	247
1	2	85	37
0	2	86	269
1	2	86	13
0	2	87	40
1	2	87	2
0	2	88	166
1	2	88	9
0	2	89	34
1	2	89	1
0	2	90	13
0	2	91	8
0	2	92	2
0	2	95	29
1	2	95	8
0	2	96	44
1	2	96	4
0	2	97	88
1	2	97	19
0	2	98	141
1	2	98	7
0	2	99	155
1	2	99	16
0	2	100	278
1	2	100	1397
0	2	101	359
1	2	101	110
0	2	102	318
1	2	102	1928
0	2	103	307
1	2	103	669
0	2	104	214
1	2	104	27
0	2	105	284
1	2	105	22
0	2	106	473
1	2	106	43
0	2	107	310
1	2	107	12
0	2	108	264
1	2	108	5
0	2	109	263
1	2	109	12
0	2	110	101
1	2	110	5
0	2	111	172
1	2	111	17
0	2	112	184
1	2	112	18
0	2	113	333
1	2	113	40
0	2	114	253
1	2	114	10
0	2	115	245
1	2	115	15
0	2	116	237
1	2	116	35
0	2	117	231
1	2	117	7
0	2	118	365
1	2	118	20
0	2	119	401
1	2	119	18
0	2	120	203
1	2	120	8
0	2	121	357
1	2	121	8
0	2	122	205
1	2	122	9
0	2	123	375
1	2	123	6
0	2	124	330
1	2	124	5
0	2	125	266
1	2	125	3
0	2	126	241
1	2	126	10
0	2	127	354
1	2	127	14
0	2	128	191
1	2	128	20
0	2	129	355
1	2	129	22
0	2	130	297
1	2	130	18
0	2	131	108
0	2	132	132
1	2	132	1
0	2	133	393
1	2	133	22
0	2	134	394
1	2	134	24
0	2	135	299
1	2	135	136
0	2	136	157
1	2	136	64
0	2	137	432
1	2	137	7
0	2	138	287
1	2	138	14
0	2	139	271
1	2	139	14
0	2	140	297
1	2	140	12
0	2	141	305
1	2	141	12
0	2	142	411
1	2	142	32
0	2	143	235
1	2	143	14
0	2	144	220
1	2	144	25
0	2	145	207
1	2	145	14
0	2	146	241
1	2	146	11
0	2	147	131
1	2	147	6
0	2	148	229
1	2	148	19
0	2	149	186
1	2	149	11
0	2	150	299
1	2	150	8
0	2	151	339
1	2	151	14
0	2	152	262
1	2	152	31
0	2	153	314
1	2	153	18
0	2	154	288
1	2	154	7
0	2	155	239
1	2	155	3
0	2	156	214
1	2	156	7
0	2	157	176
1	2	157	3
0	2	158	237
1	2	158	14
0	2	159	320
1	2	159	15
0	2	160	327
1	2	160	20
0	2	161	290
1	2	161	12
0	2	162	143
1	2	162	114
0	2	163	200
1	2	163	861
0	2	164	222
1	2	164	8
0	2	165	209
1	2	165	8
0	2	166	265
1	2	166	19
0	2	167	257
1	2	167	6
0	2	168	275
1	2	168	13
0	2	169	415
1	2	169	43
0	2	170	287
1	2	170	13
0	2	171	349
1	2	171	10
0	2	172	196
1	2	172	23
0	2	173	373
1	2	173	22
0	2	174	359
1	2	174	12
0	2	175	237
1	2	175	8
0	2	176	248
1	2	176	16
0	2	177	377
1	2	177	20
0	2	178	291
1	2	178	5
0	2	179	237
1	2	179	29
0	2	180	369
1	2	180	7
0	2	181	276
1	2	181	576
0	2	182	261
1	2	182	664
0	2	183	259
1	2	183	10
0	2	184	234
1	2	184	3
0	2	185	191
1	2	185	1142
0	2	186	186
1	2	186	501
0	2	187	185
1	2	187	6
0	2	188	202
1	2	188	10
0	2	189	185
1	2	189	8
0	2	190	225
1	2	190	10
0	2	191	259
1	2	191	339
0	2	192	284
1	2	192	16
0	2	193	187
1	2	193	95
0	2	194	111
1	2	194	5
0	2	195	218
1	2	195	7
0	2	196	233
1	2	196	19
0	2	197	264
1	2	197	30
0	2	198	189
1	2	198	12
0	2	199	260
1	2	199	413
0	2	200	209
1	2	200	14
0	2	201	310
1	2	201	19
0	2	202	254
1	2	202	22
0	2	203	95
1	2	203	9
0	2	204	239
1	2	204	823
0	2	205	354
1	2	205	56
0	2	206	354
1	2	206	27
0	2	207	262
1	2	207	685
0	2	208	252
1	2	208	11
0	2	209	247
1	2	209	18
0	2	210	231
1	2	210	6
0	2	211	264
1	2	211	11
0	2	212	324
1	2	212	19
0	2	213	355
1	2	213	16
0	2	214	222
1	2	214	9
0	2	215	317
1	2	215	16
0	2	216	337
1	2	216	15
0	2	217	413
1	2	217	27
0	2	218	353
1	2	218	16
0	2	219	177
1	2	219	226
0	2	220	310
1	2	220	22
0	2	221	367
1	2	221	22
0	2	222	365
1	2	222	12
0	2	223	305
1	2	223	8
0	2	224	367
1	2	224	8
0	2	225	336
1	2	225	7
0	2	226	284
1	2	226	10
0	2	227	292
1	2	227	14
0	2	228	319
1	2	228	19
0	2	229	277
1	2	229	16
0	2	230	289
1	2	230	17
0	2	231	306
1	2	231	406
0	2	232	199
1	2	232	19
0	2	233	298
1	2	233	26
0	2	234	363
1	2	234	721
0	2	235	409
1	2	235	20
0	2	236	354
1	2	236	17
0	2	237	329
1	2	237	16
0	2	238	345
1	2	238	17
0	2	239	274
1	2	239	14
0	2	240	345
1	2	240	15
0	2	241	278
1	2	241	269
0	2	242	178
1	2	242	17
0	3	0	401
1	3	0	18
0	3	1	600
1	3	1	23
0	3	2	501
1	3	2	21
0	3	3	621
1	3	3	24
0	3	4	498
1	3	4	18
0	3	5	461
1	3	5	10
0	3	6	469
1	3	6	19
0	3	7	581
1	3	7	18
0	3	8	507
1	3	8	10
0	3	9	344
1	3	9	13
0	3	10	422
1	3	10	20
0	3	11	346
1	3	11	27
0	3	12	292
1	3	12	19
0	3	13	410
1	3	13	19
0	3	14	389
1	3	14	21
0	3	15	253
1	3	15	5
0	3	16	394
1	3	16	26
0	3	17	179
1	3	17	5
0	3	18	238
1	3	18	782
0	3	19	170
1	3	19	1
0	3	20	316
1	3	20	13
0	3	21	494
1	3	21	90
0	3	22	372
1	3	22	8
0	3	23	266
1	3	23	12
0	3	24	422
1	3	24	18
0	3	25	414
1	3	25	16
0	3	26	303
1	3	26	6
0	3	27	292
1	3	27	300
0	3	28	309
1	3	28	213
0	3	29	403
1	3	29	17
0	3	30	413
1	3	30	10
0	3	31	361
1	3	31	20
0	3	32	286
1	3	32	114
0	3	33	189
1	3	33	247
0	3	34	307
1	3	34	15
0	3	35	282
1	3	35	11
0	3	36	353
1	3	36	42
0	3	37	268
1	3	37	8
0	3	38	287
1	3	38	22
0	3	39	292
1	3	39	33
0	3	40	244
1	3	40	6
0	3	41	282
1	3	41	8
0	3	42	281
1	3	42	16
0	3	43	263
1	3	43	18
0	3	44	162
1	3	44	12
0	3	45	396
1	3	45	194
0	3	46	294
1	3	46	1540
0	3	47	83
1	3	47	23
0	3	48	94
1	3	48	559
0	3	49	69
1	3	49	877
0	3	50	115
1	3	50	1322
0	3	51	101
1	3	51	406
0	3	52	133
1	3	52	44
0	3	53	303
1	3	53	59
0	3	54	419
1	3	54	12
0	3	55	471
1	3	55	21
0	3	56	309
1	3	56	24
0	3	57	183
1	3	57	14
0	3	58	279
1	3	58	900
0	3	59	532
1	3	59	12
0	3	60	647
1	3	60	26
0	3	61	404
1	3	61	30
0	3	62	454
1	3	62	25
0	3	63	389
1	3	63	14
0	3	64	546
1	3	64	31
0	3	65	490
1	3	65	25
0	3	66	295
1	3	66	10
0	3	67	370
1	3	67	16
0	3	68	356
1	3	68	19
0	3	69	354
1	3	69	14
0	3	70	295
1	3	70	42
0	3	71	351
1	3	71	23
0	3	72	395
1	3	72	2
0	3	73	471
1	3	73	5
0	3	74	281
1	3	74	9
0	3	75	154
1	3	75	3
0	3	76	342
1	3	76	12
0	3	77	254
1	3	77	8
0	3	78	233
1	3	78	4
0	3	79	184
1	3	79	1
0	3	80	206
1	3	80	1
0	3	81	235
1	3	81	7
0	3	82	224
1	3	82	3
0	3	83	130
1	3	83	2
0	3	84	198
1	3	84	8
0	3	85	196
1	3	85	16
0	3	86	216
1	3	86	6
0	3	87	232
1	3	87	5
0	3	88	215
1	3	88	2
0	3	89	138
1	3	89	3
0	3	90	21
1	3	90	3
0	3	93	36
1	3	93	2
0	3	94	201
1	3	94	5
0	3	95	194
1	3	95	3
0	3	96	166
1	3	96	1
0	3	97	207
1	3	97	5
0	3	98	272
1	3	98	9
0	3	99	233
1	3	99	4
0	3	100	289
1	3	100	8
0	3	101	190
1	3	101	22
0	3	102	221
1	3	102	6
0	3	103	254
1	3	103	16
0	3	104	237
1	3	104	13
0	3	105	244
1	3	105	18
0	3	106	260
1	3	106	12
0	3	107	310
1	3	107	11
0	3	108	299
1	3	108	26
0	3	109	203
1	3	109	7
0	3	110	246
1	3	110	14
0	3	111	349
1	3	111	12
0	3	112	349
1	3	112	9
0	3	113	218
1	3	113	18
0	3	114	203
1	3	114	7
0	3	115	303
1	3	115	7
0	3	116	399
1	3	116	12
0	3	117	333
1	3	117	11
0	3	118	293
1	3	118	12
0	3	119	285
1	3	119	487
0	3	120	233
1	3	120	10
0	3	121	211
1	3	121	16
0	3	122	338
1	3	122	8
0	3	123	263
1	3	123	16
0	3	124	439
1	3	124	21
0	3	125	252
1	3	125	6
0	3	126	308
1	3	126	16
0	3	127	262
1	3	127	12
0	3	128	184
1	3	128	15
0	3	129	190
1	3	129	17
0	3	130	238
1	3	130	10
0	3	131	380
1	3	131	16
0	3	132	300
1	3	132	20
0	3	133	329
1	3	133	9
0	3	134	379
1	3	134	15
0	3	135	228
1	3	135	3
0	3	136	141
1	3	136	7
0	3	137	225
1	3	137	10
0	3	138	172
1	3	138	6
0	3	139	415
1	3	139	15
0	3	140	370
1	3	140	18
0	3	141	220
1	3	141	17
0	3	142	269
1	3	142	9
0	3	143	335
1	3	143	22
0	3	144	263
1	3	144	3
0	3	145	311
1	3	145	16
0	3	146	262
1	3	146	15
0	3	147	215
1	3	147	24
0	3	148	315
1	3	148	11
0	3	149	296
1	3	149	10
0	3	150	282
1	3	150	9
0	3	151	317
1	3	151	10
0	3	152	219
1	3	152	52
0	3	153	312
1	3	153	23
0	3	154	174
1	3	154	12
0	3	155	235
1	3	155	13
0	3	156	308
1	3	156	19
0	3	157	271
1	3	157	7
0	3	158	273
1	3	158	25
0	3	159	258
1	3	159	724
0	3	160	203
1	3	160	100
0	3	161	323
1	3	161	50
0	3	162	239
1	3	162	5
0	3	163	208
1	3	163	10
0	3	164	159
1	3	164	11
0	3	165	232
1	3	165	6
0	3	166	164
1	3	166	5
0	3	167	227
1	3	167	13
0	3	168	251
1	3	168	4
0	3	169	285
1	3	169	19
0	3	170	260
1	3	170	18
0	3	171	326
1	3	171	7
0	3	172	323
1	3	172	8
0	3	173	319
1	3	173	3
0	3	174	309
1	3	174	15
0	3	175	266
1	3	175	10
0	3	176	282
1	3	176	10
0	3	177	284
1	3	177	13
0	3	178	245
1	3	178	11
0	3	179	246
1	3	179	13
0	3	180	147
1	3	180	14
0	3	181	168
1	3	181	17
0	3	182	246
1	3	182	50
0	3	183	255
1	3	183	28
0	3	184	241
1	3	184	13
0	3	185	233
1	3	185	19
0	3	186	378
1	3	186	23
0	3	187	427
1	3	187	13
0	3	188	334
1	3	188	190
0	3	189	435
1	3	189	19
0	3	190	360
1	3	190	9
0	3	191	326
1	3	191	8
0	3	192	273
1	3	192	12
0	3	193	322
1	3	193	9
0	3	194	357
1	3	194	8
0	3	195	125
1	3	195	18
0	3	196	167
1	3	196	11
0	4	0	119
1	4	0	74
0	4	1	162
1	4	1	17
0	4	2	213
1	4	2	18
0	4	3	216
1	4	3	10
0	4	4	404
1	4	4	18
0	4	5	535
1	4	5	31
0	4	6	361
1	4	6	29
0	4	7	502
1	4	7	28
0	4	8	266
1	4	8	33
0	4	9	176
1	4	9	5
0	4	10	531
1	4	10	8
0	4	11	501
1	4	11	7
0	4	12	321
1	4	12	3
0	4	13	375
1	4	13	11
0	4	14	497
1	4	14	19
0	4	15	360
1	4	15	72
0	4	16	402
1	4	16	22
0	4	17	385
1	4	17	11
0	4	18	299
1	4	18	16
0	4	19	234
1	4	19	2
0	4	20	303
1	4	20	6
0	4	21	408
1	4	21	13
0	4	22	266
1	4	22	15
0	4	23	296
1	4	23	11
0	4	24	389
1	4	24	16
0	4	25	385
1	4	25	13
0	4	26	233
1	4	26	252
0	4	27	361
1	4	27	16
0	4	28	285
1	4	28	8
0	4	29	263
1	4	29	10
0	4	30	261
1	4	30	12
0	4	31	294
1	4	31	6
0	4	32	229
1	4	32	12
0	4	33	159
1	4	33	6
0	4	34	198
1	4	34	8
0	4	35	310
1	4	35	7
0	4	36	332
1	4	36	16
0	4	37	489
1	4	37	46
0	4	38	428
1	4	38	45
0	4	39	165
1	4	39	6
0	4	40	298
1	4	40	18
0	4	41	315
1	4	41	11
0	4	42	379
1	4	42	10
0	4	43	247
1	4	43	9
0	4	44	254
1	4	44	4
0	4	45	191
1	4	45	8
0	4	46	157
1	4	46	33
0	4	47	266
1	4	47	104
0	4	48	182
1	4	48	164
0	4	49	14
0	4	52	55
1	4	52	6
0	4	53	223
1	4	53	4
0	4	54	308
1	4	54	11
0	4	55	338
1	4	55	16
0	4	56	257
1	4	56	6
0	4	57	328
1	4	57	18
0	4	58	431
1	4	58	9
0	4	59	229
1	4	59	17
0	4	60	268
1	4	60	9
0	4	61	269
1	4	61	5
0	4	62	212
1	4	62	7
0	4	63	226
1	4	63	5
0	4	64	202
1	4	64	4
0	4	65	282
1	4	65	10
0	4	66	307
1	4	66	22
0	4	67	271
1	4	67	11
0	4	68	288
1	4	68	11
0	4	69	163
1	4	69	6
0	4	70	260
1	4	70	21
0	4	71	232
1	4	71	10
0	4	72	265
1	4	72	13
0	4	73	244
1	4	73	5
0	4	74	216
1	4	74	12
0	4	75	272
1	4	75	6
0	4	76	287
1	4	76	12
0	4	77	364
1	4	77	48
0	4	78	388
1	4	78	5
0	4	79	338
1	4	79	10
0	4	80	223
1	4	80	15
0	4	81	217
1	4	81	3
0	4	82	356
1	4	82	11
0	4	83	273
1	4	83	7
0	4	84	317
1	4	84	13
0	4	85	215
1	4	85	7
0	4	86	358
1	4	86	9
0	4	87	172
1	4	87	6
0	4	88	323
1	4	88	16
0	4	89	235
1	4	89	15
0	4	90	315
1	4	90	35
0	4	91	244
1	4	91	3
0	4	92	214
1	4	92	2
0	4	93	138
1	4	93	6
0	4	94	259
1	4	94	6
0	4	95	235
1	4	95	8
0	4	96	430
1	4	96	21
0	4	97	215
1	4	97	1
0	4	98	144
0	4	99	239
1	4	99	8
0	4	100	266
1	4	100	21
0	4	101	311
1	4	101	15
0	4	102	289
1	4	102	603
0	4	103	218
1	4	103	223
0	4	104	202
1	4	104	12
0	4	105	204
1	4	105	6
0	4	106	251
1	4	106	25
0	4	107	197
1	4	107	13
0	4	108	253
1	4	108	10
0	4	109	286
1	4	109	15
0	4	110	249
1	4	110	15
0	4	111	287
1	4	111	29
0	4	112	234
1	4	112	5
0	4	113	256
1	4	113	12
0	4	114	380
1	4	114	14
0	4	115	235
1	4	115	21
0	4	116	183
1	4	116	2
0	4	117	244
1	4	117	1
0	4	118	261
1	4	118	154
0	4	119	238
1	4	119	12
0	4	120	258
1	4	120	16
0	4	121	308
1	4	121	10
0	4	122	321
1	4	122	379
0	4	123	184
1	4	123	1733
0	4	124	247
1	4	124	8
0	4	125	245
1	4	125	9
0	4	126	280
1	4	126	22
0	4	127	281
1	4	127	10
0	4	128	135
1	4	128	3
0	4	129	190
1	4	129	7
0	4	130	325
1	4	130	15
0	4	131	263
1	4	131	8
0	4	132	154
1	4	132	15
0	4	133	252
1	4	133	50
0	4	134	209
1	4	134	10
0	4	135	203
1	4	135	3
0	4	136	183
1	4	136	3
0	4	137	265
1	4	137	10
0	4	138	278
1	4	138	19
0	4	139	335
1	4	139	5
0	4	140	298
1	4	140	7
0	4	141	310
1	4	141	4
0	4	142	278
1	4	142	6
0	4	143	266
1	4	143	11
0	4	144	211
1	4	144	4
0	4	145	171
1	4	145	14
0	4	146	214
1	4	146	5
0	4	147	270
1	4	147	7
0	4	148	261
1	4	148	19
0	4	149	312
1	4	149	9
0	4	150	187
1	4	150	8
0	4	151	143
1	4	151	5
0	4	152	269
1	4	152	10
0	4	153	210
1	4	153	13
0	4	154	356
1	4	154	15
0	4	155	311
1	4	155	32
0	4	156	311
1	4	156	21
0	4	157	315
1	4	157	10
0	4	158	241
1	4	158	6
0	4	159	203
1	4	159	7
0	4	160	251
0	4	161	309
1	4	161	11
0	4	162	273
1	4	162	3
0	4	163	278
1	4	163	12
0	4	164	274
1	4	164	13
0	4	165	330
1	4	165	5
0	4	166	290
1	4	166	21
0	4	167	223
1	4	167	18
0	4	168	231
1	4	168	16
0	4	169	392
1	4	169	16
0	4	170	231
1	4	170	6
0	4	171	283
1	4	171	7
0	4	172	256
1	4	172	8
0	4	173	222
1	4	173	9
0	4	174	247
1	4	174	2
0	4	175	287
1	4	175	5
0	4	176	223
1	4	176	17
0	4	177	355
1	4	177	15
0	4	178	319
1	4	178	12
0	4	179	308
1	4	179	8
0	4	180	372
1	4	180	17
0	4	181	407
1	4	181	8
0	4	182	491
1	4	182	13
0	4	183	424
1	4	183	17
0	4	184	281
1	4	184	11
0	4	185	404
1	4	185	55
0	4	186	346
1	4	186	9
0	4	187	354
1	4	187	28
0	4	188	293
1	4	188	26
0	4	189	321
1	4	189	14
0	5	0	165
1	5	0	613
0	5	1	313
1	5	1	31
0	5	2	541
1	5	2	29
0	5	3	606
1	5	3	19
0	5	4	460
1	5	4	36
0	5	5	544
1	5	5	16
0	5	6	521
1	5	6	18
0	5	7	415
1	5	7	33
0	5	8	453
1	5	8	13
0	5	9	547
1	5	9	17
0	5	10	459
1	5	10	37
0	5	11	428
1	5	11	24
0	5	12	176
1	5	12	1
0	5	13	349
1	5	13	15
0	5	14	382
1	5	14	14
0	5	15	219
1	5	15	9
0	5	16	376
1	5	16	14
0	5	17	245
1	5	17	9
0	5	18	282
1	5	18	17
0	5	19	258
1	5	19	3
0	5	20	198
1	5	20	7
0	5	21	197
1	5	21	4
0	5	22	195
1	5	22	4
0	5	23	260
1	5	23	6
0	5	24	238
1	5	24	9
0	5	25	267
1	5	25	16
0	5	26	264
1	5	26	6
0	5	27	167
1	5	27	12
0	5	28	213
1	5	28	9
0	5	29	324
1	5	29	10
0	5	30	269
1	5	30	9
0	5	31	491
1	5	31	26
0	5	32	321
1	5	32	6
0	5	33	326
1	5	33	16
0	5	34	293
1	5	34	10
0	5	35	367
1	5	35	597
0	5	36	339
1	5	36	80
0	5	37	203
1	5	37	2
0	5	38	379
1	5	38	18
0	5	39	338
1	5	39	14
0	5	40	315
1	5	40	1147
0	5	41	244
1	5	41	16
0	5	42	219
1	5	42	16
0	5	43	138
1	5	43	5
0	5	44	152
1	5	44	5
0	5	45	66
1	5	45	5
0	5	46	10
1	5	46	1
0	5	49	55
0	5	50	214
1	5	50	13
0	5	51	228
1	5	51	4
0	5	52	396
1	5	52	22
0	5	53	398
1	5	53	27
0	5	54	275
1	5	54	17
0	5	55	386
1	5	55	115
0	5	56	295
1	5	56	12
0	5	57	387
1	5	57	17
0	5	58	397
1	5	58	14
0	5	59	223
1	5	59	16
0	5	60	253
1	5	60	21
0	5	61	271
1	5	61	5
0	5	62	321
1	5	62	22
0	5	63	207
1	5	63	5
0	5	64	242
1	5	64	22
0	5	65	370
1	5	65	15
0	5	66	368
1	5	66	12
0	5	67	346
1	5	67	85
0	5	68	179
1	5	68	2
0	5	70	85
1	5	70	3
0	5	71	328
1	5	71	20
0	5	72	262
1	5	72	273
0	5	73	506
1	5	73	11
0	5	74	184
1	5	74	12
0	5	75	454
1	5	75	10
0	5	76	299
1	5	76	11
0	5	77	309
1	5	77	10
0	5	78	258
1	5	78	8
0	5	79	312
1	5	79	16
0	5	80	289
1	5	80	21
0	5	81	292
1	5	81	24
0	5	82	311
1	5	82	13
0	5	83	195
1	5	83	5
0	5	84	246
1	5	84	5
0	5	85	222
1	5	85	14
0	5	86	185
1	5	86	7
0	5	87	176
1	5	87	4
0	5	88	180
1	5	88	10
0	5	89	216
1	5	89	6
0	5	90	239
1	5	90	5
0	5	91	166
1	5	91	9
0	5	92	180
1	5	92	6
0	5	93	126
1	5	93	5
0	5	94	285
1	5	94	17
0	5	95	289
1	5	95	46
0	5	96	288
1	5	96	1297
0	5	97	247
1	5	97	9
0	5	98	206
1	5	98	9
0	5	99	243
1	5	99	6
0	5	100	249
1	5	100	16
0	5	101	242
1	5	101	15
0	5	102	208
1	5	102	1181
0	5	103	267
1	5	103	18
0	5	104	234
1	5	104	9
0	5	105	139
1	5	105	9
0	5	106	334
1	5	106	21
0	5	107	364
1	5	107	11
0	5	108	259
1	5	108	14
0	5	109	259
1	5	109	7
0	5	110	310
1	5	110	10
0	5	111	376
1	5	111	27
0	5	112	365
1	5	112	17
0	5	113	419
1	5	113	21
0	5	114	318
1	5	114	9
0	5	115	457
1	5	115	20
0	5	116	406
1	5	116	15
0	5	117	319
1	5	117	6
0	5	118	268
1	5	118	5
0	5	119	301
1	5	119	10
0	5	120	298
1	5	120	8
0	5	121	298
1	5	121	2
0	5	122	292
1	5	122	19
0	5	123	360
1	5	123	9
0	5	124	369
1	5	124	19
0	5	125	375
1	5	125	7
0	5	126	225
1	5	126	16
0	5	127	263
1	5	127	6
0	5	128	285
1	5	128	16
0	5	129	181
1	5	129	24
0	5	130	147
1	5	130	8
0	5	131	258
1	5	131	1174
0	5	132	338
1	5	132	287
0	5	133	348
1	5	133	33
0	5	134	327
1	5	134	21
0	5	135	330
1	5	135	62
0	5	136	424
1	5	136	20
0	5	137	143
1	5	137	11
0	5	138	118
1	5	138	8
0	5	139	159
1	5	139	13
0	5	140	156
1	5	140	20
0	5	141	400
1	5	141	521
0	5	142	367
1	5	142	12
0	5	143	331
1	5	143	17
0	5	144	288
1	5	144	7
0	5	145	286
1	5	145	11
0	5	146	331
1	5	146	6
0	5	147	344
1	5	147	16
0	5	148	371
1	5	148	20
0	5	149	356
1	5	149	245
0	5	150	401
1	5	150	1162
0	5	151	363
1	5	151	5
0	5	152	334
1	5	152	10
0	5	153	366
1	5	153	16
0	5	154	311
1	5	154	8
0	5	155	336
1	5	155	15
0	5	156	340
1	5	156	16
0	5	157	372
1	5	157	15
0	5	158	316
1	5	158	675
0	5	159	347
1	5	159	417
0	5	160	393
1	5	160	10
0	5	161	225
1	5	161	5
0	5	162	326
1	5	162	18
0	5	163	301
1	5	163	6
0	5	164	252
1	5	164	5
0	5	165	346
1	5	165	9
0	5	166	305
1	5	166	10
0	5	167	436
1	5	167	29
0	5	168	458
1	5	168	28
0	5	169	555
1	5	169	27
0	5	170	257
1	5	170	9
0	5	171	398
1	5	171	26
0	5	172	366
1	5	172	14
0	5	173	503
1	5	173	820
0	5	174	449
1	5	174	21
0	5	175	192
1	5	175	7
0	5	176	160
1	5	176	20
0	5	177	212
1	5	177	18
0	5	178	328
1	5	178	16
0	5	179	252
1	5	179	15
0	6	0	360
1	6	0	299
0	6	1	495
1	6	1	23
0	6	2	393
1	6	2	21
0	6	3	437
1	6	3	32
0	6	4	480
1	6	4	22
0	6	5	466
1	6	5	11
0	6	6	625
1	6	6	25
0	6	7	407
1	6	7	21
0	6	8	395
1	6	8	5
0	6	9	309
1	6	9	6
0	6	10	380
1	6	10	7
0	6	11	465
1	6	11	16
0	6	12	386
1	6	12	23
0	6	13	362
1	6	13	33
0	6	14	408
1	6	14	39
0	6	15	348
1	6	15	14
0	6	16	427
1	6	16	60
0	6	17	249
1	6	17	5
0	6	18	408
1	6	18	18
0	6	19	373
1	6	19	21
0	6	20	332
1	6	20	977
0	6	21	315
1	6	21	19
0	6	22	448
1	6	22	24
0	6	23	398
1	6	23	15
0	6	24	389
1	6	24	22
0	6	25	380
1	6	25	74
0	6	26	223
1	6	26	99
0	6	27	175
1	6	27	103
0	6	28	235
1	6	28	241
0	6	29	453
1	6	29	1340
0	6	30	396
1	6	30	2567
0	6	31	469
1	6	31	1489
0	6	32	473
1	6	32	1621
0	6	33	376
1	6	33	545
0	6	34	190
1	6	34	861
0	6	35	206
1	6	35	662
0	6	36	333
1	6	36	35
0	6	37	307
1	6	37	18
0	6	38	360
1	6	38	22
0	6	39	401
1	6	39	20
0	6	40	483
1	6	40	13
0	6	41	304
1	6	41	17
0	6	42	235
1	6	42	18
0	6	43	222
1	6	43	33
0	6	44	323
1	6	44	11
0	6	45	302
1	6	45	7
0	6	46	323
1	6	46	7
0	6	47	333
1	6	47	11
0	6	48	239
1	6	48	7
0	6	49	225
1	6	49	5
0	6	50	215
1	6	50	6
0	6	51	345
1	6	51	12
0	6	52	341
1	6	52	45
0	6	53	380
1	6	53	12
0	6	54	327
1	6	54	15
0	6	55	291
1	6	55	7
0	6	56	222
1	6	56	8
0	6	57	141
1	6	57	10
0	6	58	103
1	6	58	1
0	6	61	4
1	6	61	1
0	6	62	192
1	6	62	2
0	6	63	213
1	6	63	3
0	6	64	152
0	6	65	260
1	6	65	8
0	6	66	292
1	6	66	3
0	6	67	378
1	6	67	15
0	6	68	263
1	6	68	2
0	6	69	267
1	6	69	6
0	6	70	337
1	6	70	9
0	6	71	278
1	6	71	9
0	6	72	308
1	6	72	8
0	6	73	309
1	6	73	11
0	6	74	270
1	6	74	9
0	6	75	257
1	6	75	4
0	6	76	216
1	6	76	8
0	6	77	276
1	6	77	12
0	6	78	296
1	6	78	7
0	6	79	228
1	6	79	5
0	6	80	347
1	6	80	8
0	6	81	284
1	6	81	3
0	6	82	314
1	6	82	11
0	6	83	249
1	6	83	17
0	6	84	233
1	6	84	9
0	6	85	381
1	6	85	14
0	6	86	190
1	6	86	4
0	6	87	244
1	6	87	17
0	6	88	295
1	6	88	16
0	6	89	274
1	6	89	11
0	6	90	269
1	6	90	380
0	6	91	393
1	6	91	119
0	6	92	302
1	6	92	9
0	6	93	307
1	6	93	21
0	6	94	255
1	6	94	8
0	6	95	235
1	6	95	10
0	6	96	270
1	6	96	10
0	6	97	252
1	6	97	15
0	6	98	206
1	6	98	7
0	6	99	316
1	6	99	28
0	6	100	302
1	6	100	17
0	6	101	219
1	6	101	3
0	6	102	246
1	6	102	7
0	6	103	218
1	6	103	12
0	6	104	319
1	6	104	7
0	6	105	230
1	6	105	26
0	6	106	384
1	6	106	629
0	6	107	302
1	6	107	16
0	6	108	266
1	6	108	11
0	6	109	259
1	6	109	16
0	6	110	320
1	6	110	10
0	6	111	186
1	6	111	1085
0	6	112	320
1	6	112	14
0	6	113	298
1	6	113	14
0	6	114	266
1	6	114	13
0	6	115	213
1	6	115	1
0	6	116	243
1	6	116	16
0	6	117	287
1	6	117	7
0	6	118	256
1	6	118	11
0	6	119	285
1	6	119	14
0	6	120	269
1	6	120	9
0	6	121	229
1	6	121	4
0	6	122	239
1	6	122	9
0	6	123	297
1	6	123	13
0	6	124	369
1	6	124	22
0	6	125	335
1	6	125	18
0	6	126	150
1	6	126	602
0	6	127	225
1	6	127	779
0	6	128	226
1	6	128	690
0	6	129	321
1	6	129	12
0	6	130	402
1	6	130	23
0	6	131	296
1	6	131	5
0	6	132	357
1	6	132	20
0	6	133	355
1	6	133	12
0	6	134	312
1	6	134	13
0	6	135	253
1	6	135	23
0	6	136	281
1	6	136	9
0	6	137	356
1	6	137	390
0	6	138	306
1	6	138	715
0	6	139	324
1	6	139	17
0	6	140	165
1	6	140	6
0	6	141	184
1	6	141	15
0	6	142	232
1	6	142	5
0	6	143	374
1	6	143	13
0	6	144	277
1	6	144	7
0	6	145	317
1	6	145	5
0	6	146	187
1	6	146	9
0	6	147	291
1	6	147	5
0	6	148	423
1	6	148	10
0	6	149	332
1	6	149	26
0	6	150	401
1	6	150	12
0	6	151	372
1	6	151	25
0	6	152	371
1	6	152	116
0	6	153	369
1	6	153	17
0	6	154	356
1	6	154	23
0	6	155	319
1	6	155	4
0	6	156	426
1	6	156	7
0	6	157	228
1	6	157	3
0	6	158	357
1	6	158	8
0	6	159	378
1	6	159	676
0	6	160	332
1	6	160	34
0	6	161	387
1	6	161	16
0	6	162	451
1	6	162	16
0	6	163	344
1	6	163	9
0	6	164	459
1	6	164	17
0	6	165	389
1	6	165	16
0	6	166	487
1	6	166	17
0	6	167	393
1	6	167	818
0	6	168	327
1	6	168	19
0	6	169	484
1	6	169	9
0	7	0	119
1	7	0	2
0	7	1	163
1	7	1	25
0	7	2	264
1	7	2	41
0	7	3	465
1	7	3	19
0	7	4	354
1	7	4	24
0	7	5	185
1	7	5	10
0	7	6	160
1	7	6	14
0	7	7	476
1	7	7	13
0	7	8	492
1	7	8	31
0	7	9	423
1	7	9	13
0	7	10	346
1	7	10	38
0	7	11	465
1	7	11	12
0	7	12	418
1	7	12	15
0	7	13	379
1	7	13	10
0	7	14	362
1	7	14	11
0	7	15	396
1	7	15	6
0	7	16	422
1	7	16	17
0	7	17	402
1	7	17	33
0	7	18	334
1	7	18	33
0	7	19	365
1	7	19	12
0	7	20	364
1	7	20	32
0	7	21	457
1	7	21	22
0	7	22	469
1	7	22	63
0	7	23	242
1	7	23	28
0	7	24	474
1	7	24	34
0	7	25	460
1	7	25	20
0	7	26	344
1	7	26	818
0	7	27	263
1	7	27	517
0	7	28	439
1	7	28	369
0	7	29	487
1	7	29	18
0	7	30	265
1	7	30	10
0	7	31	418
1	7	31	31
0	7	32	366
1	7	32	19
0	7	33	328
1	7	33	19
0	7	34	298
1	7	34	14
0	7	35	313
1	7	35	8
0	7	36	446
1	7	36	28
0	7	37	375
1	7	37	275
0	7	38	398
1	7	38	25
0	7	39	284
1	7	39	14
0	7	40	202
1	7	40	5
0	7	41	381
1	7	41	17
0	7	42	351
1	7	42	10
0	7	43	313
1	7	43	13
0	7	44	143
1	7	44	13
0	7	45	270
1	7	45	16
0	7	46	428
1	7	46	14
0	7	47	408
1	7	47	32
0	7	48	308
1	7	48	8
0	7	49	329
1	7	49	16
0	7	50	402
1	7	50	1504
0	7	51	359
1	7	51	362
0	7	52	436
1	7	52	8
0	7	53	301
1	7	53	30
0	7	54	342
1	7	54	9
0	7	55	280
1	7	55	20
0	7	56	141
1	7	56	7
0	7	57	144
1	7	57	3
0	7	61	9
0	7	62	54
1	7	62	2
0	7	63	200
1	7	63	6
0	7	64	149
1	7	64	2
0	7	65	70
1	7	65	1
0	7	66	146
1	7	66	7
0	7	67	339
1	7	67	9
0	7	68	362
1	7	68	28
0	7	69	163
1	7	69	4
0	7	70	380
1	7	70	25
0	7	71	325
1	7	71	19
0	7	72	45
1	7	72	8
0	7	73	106
1	7	73	25
0	7	74	8
1	7	74	128
0	7	75	147
1	7	75	124
0	7	76	171
1	7	76	7
0	7	77	323
1	7	77	10
0	7	78	418
1	7	78	23
0	7	79	267
1	7	79	8
0	7	80	335
1	7	80	15
0	7	81	280
1	7	81	12
0	7	82	322
1	7	82	20
0	7	83	341
1	7	83	9
0	7	84	191
1	7	84	3
0	7	85	205
1	7	85	12
0	7	86	249
1	7	86	18
0	7	87	165
1	7	87	44
0	7	88	331
1	7	88	19
0	7	89	279
1	7	89	10
0	7	90	321
1	7	90	23
0	7	91	161
1	7	91	6
0	7	92	194
1	7	92	9
0	7	93	258
1	7	93	5
0	7	94	235
1	7	94	9
0	7	95	294
1	7	95	11
0	7	96	268
1	7	96	6
0	7	97	215
1	7	97	7
0	7	98	210
1	7	98	16
0	7	99	107
1	7	99	11
0	7	100	90
1	7	100	29
0	7	101	205
1	7	101	26
0	7	102	91
1	7	102	1
0	7	103	376
1	7	103	15
0	7	104	284
1	7	104	7
0	7	105	373
1	7	105	20
0	7	106	292
1	7	106	14
0	7	107	317
1	7	107	369
0	7	108	288
1	7	108	13
0	7	109	237
1	7	109	8
0	7	110	254
1	7	110	3
0	7	111	248
1	7	111	15
0	7	112	222
1	7	112	15
0	7	113	168
1	7	113	5
0	7	114	186
1	7	114	7
0	7	115	207
1	7	115	2
0	7	116	212
1	7	116	12
0	7	117	217
1	7	117	14
0	7	118	186
1	7	118	1
0	7	119	116
1	7	119	3
0	7	120	219
1	7	120	6
0	7	121	243
1	7	121	11
0	7	122	258
1	7	122	6
0	7	123	235
1	7	123	15
0	7	124	223
1	7	124	6
0	7	125	301
1	7	125	6
0	7	126	321
1	7	126	6
0	7	127	269
1	7	127	21
0	7	128	171
1	7	128	457
0	7	129	194
1	7	129	9
0	7	130	266
1	7	130	12
0	7	131	373
1	7	131	18
0	7	132	321
1	7	132	3
0	7	133	220
0	7	134	420
1	7	134	21
0	7	135	309
1	7	135	17
0	7	136	305
1	7	136	13
0	7	137	294
1	7	137	13
0	7	138	247
1	7	138	10
0	7	139	256
1	7	139	9
0	7	140	220
1	7	140	11
0	7	141	280
1	7	141	14
0	7	142	276
1	7	142	7
0	7	143	172
1	7	143	10
0	7	144	258
1	7	144	17
0	7	145	206
1	7	145	4
0	7	146	312
1	7	146	12
0	7	147	482
1	7	147	17
0	7	148	243
1	7	148	17
0	7	149	191
1	7	149	15
0	7	150	331
1	7	150	43
0	7	151	275
1	7	151	10
0	7	152	256
1	7	152	8
0	7	153	336
1	7	153	208
0	7	154	498
1	7	154	24
0	7	155	355
1	7	155	14
0	7	156	285
1	7	156	21
0	7	157	322
1	7	157	24
0	7	158	280
1	7	158	19
0	8	0	321
1	8	0	17
0	8	1	455
1	8	1	19
0	8	2	582
1	8	2	28
0	8	3	965
1	8	3	34
0	8	4	879
1	8	4	48
0	8	5	817
1	8	5	29
0	8	6	713
1	8	6	26
0	8	7	4
1	8	7	1
0	8	8	513
1	8	8	25
0	8	9	483
1	8	9	30
0	8	10	549
1	8	10	1349
0	8	11	412
1	8	11	1676
0	8	12	265
1	8	12	13
0	8	13	541
1	8	13	24
0	8	14	488
1	8	14	11
0	8	15	510
1	8	15	18
0	8	16	383
1	8	16	34
0	8	17	623
1	8	17	18
0	8	18	535
1	8	18	41
0	8	19	501
1	8	19	52
0	8	20	480
1	8	20	9
0	8	21	407
1	8	21	7
0	8	22	259
1	8	22	35
0	8	23	370
1	8	23	9
0	8	24	381
1	8	24	14
0	8	25	380
1	8	25	13
0	8	26	437
1	8	26	8
0	8	27	433
1	8	27	23
0	8	28	281
1	8	28	13
0	8	29	321
1	8	29	5
0	8	30	261
1	8	30	1
0	8	31	342
1	8	31	12
0	8	32	378
1	8	32	7
0	8	33	216
1	8	33	5
0	8	34	274
1	8	34	4
0	8	35	176
1	8	35	14
0	8	36	197
1	8	36	10
0	8	37	202
1	8	37	10
0	8	38	186
1	8	38	13
0	8	39	213
1	8	39	6
0	8	40	403
1	8	40	12
0	8	41	278
1	8	41	9
0	8	42	130
1	8	42	13
0	8	43	54
1	8	43	3
0	8	46	9
0	8	47	115
1	8	47	1
0	8	48	71
1	8	48	3
0	8	49	198
1	8	49	9
0	8	50	255
1	8	50	5
0	8	51	230
1	8	51	3
0	8	52	301
1	8	52	6
0	8	53	295
1	8	53	10
0	8	54	264
1	8	54	17
0	8	55	299
1	8	55	18
0	8	56	374
1	8	56	614
0	8	57	290
1	8	57	243
0	8	58	316
1	8	58	12
0	8	59	368
1	8	59	34
0	8	60	214
1	8	60	12
0	8	61	298
1	8	61	15
0	8	62	348
1	8	62	11
0	8	63	321
1	8	63	15
0	8	64	193
1	8	64	18
0	8	65	167
1	8	65	6
0	8	66	203
1	8	66	17
0	8	67	152
1	8	67	14
0	8	68	269
1	8	68	7
0	8	69	319
1	8	69	12
0	8	70	335
1	8	70	10
0	8	71	173
1	8	71	30
0	8	72	399
1	8	72	34
0	8	73	368
1	8	73	13
0	8	74	311
1	8	74	17
0	8	75	321
1	8	75	12
0	8	76	244
1	8	76	17
0	8	77	232
1	8	77	6
0	8	78	252
1	8	78	4
0	8	79	196
1	8	79	1177
0	8	80	245
1	8	80	11
0	8	81	225
1	8	81	19
0	8	82	237
1	8	82	7
0	8	83	243
1	8	83	23
0	8	84	219
1	8	84	4
0	8	85	168
1	8	85	3
0	8	86	104
1	8	86	3
0	8	87	303
1	8	87	8
0	8	88	180
1	8	88	6
0	8	89	209
1	8	89	59
0	8	90	279
1	8	90	15
0	8	91	224
1	8	91	6
0	8	92	177
1	8	92	12
0	8	93	184
1	8	93	9
0	8	94	254
1	8	94	10
0	8	95	299
1	8	95	8
0	8	96	456
1	8	96	28
0	8	97	283
1	8	97	11
0	8	98	328
1	8	98	12
0	8	99	167
1	8	99	12
0	8	100	95
1	8	100	2
0	8	101	295
1	8	101	9
0	8	102	376
1	8	102	15
0	8	103	268
1	8	103	10
0	8	104	276
1	8	104	13
0	8	105	295
1	8	105	11
0	8	106	255
1	8	106	18
0	8	107	329
1	8	107	11
0	8	108	340
1	8	108	2
0	8	109	242
1	8	109	81
0	8	110	241
1	8	110	14
0	8	111	183
1	8	111	1
0	8	112	178
1	8	112	6
0	8	113	224
1	8	113	1
0	8	114	216
1	8	114	6
0	8	115	264
1	8	115	13
0	8	116	238
1	8	116	14
0	8	117	256
1	8	117	14
0	8	118	341
1	8	118	17
0	8	119	423
1	8	119	21
0	8	120	339
1	8	120	29
0	8	121	282
1	8	121	6
0	8	122	334
1	8	122	9
0	8	123	335
1	8	123	12
0	8	124	347
1	8	124	19
0	8	125	380
1	8	125	28
0	8	126	333
1	8	126	111
0	8	127	379
1	8	127	14
0	8	128	394
1	8	128	48
0	8	129	440
1	8	129	519
0	8	130	312
1	8	130	27
0	8	131	413
1	8	131	17
0	8	132	324
1	8	132	18
0	8	133	440
1	8	133	18
0	8	134	527
1	8	134	40
0	8	135	446
1	8	135	25
0	8	136	371
1	8	136	10
0	8	137	363
1	8	137	16
0	8	138	456
1	8	138	11
0	8	139	481
1	8	139	31
0	8	140	507
1	8	140	23
0	8	141	218
1	8	141	11
0	8	142	296
1	8	142	20
0	8	143	241
1	8	143	24
0	8	144	130
1	8	144	15
0	8	145	54
1	8	145	25
0	9	0	529
1	9	0	32
0	9	1	715
1	9	1	12
0	9	2	633
1	9	2	20
0	9	3	427
1	9	3	30
0	9	4	636
1	9	4	515
0	9	5	300
1	9	5	515
0	9	6	369
1	9	6	22
0	9	7	682
1	9	7	28
0	9	8	525
1	9	8	38
0	9	9	536
1	9	9	36
0	9	10	381
1	9	10	11
0	9	11	378
1	9	11	8
0	9	12	388
1	9	12	8
0	9	13	442
1	9	13	28
0	9	14	492
1	9	14	25
0	9	15	330
1	9	15	9
0	9	16	553
1	9	16	30
0	9	17	445
1	9	17	22
0	9	18	572
1	9	18	18
0	9	19	366
1	9	19	19
0	9	20	365
1	9	20	23
0	9	21	347
1	9	21	17
0	9	22	318
1	9	22	23
0	9	23	322
1	9	23	3
0	9	24	305
1	9	24	9
0	9	25	323
1	9	25	16
0	9	26	382
1	9	26	19
0	9	27	518
1	9	27	30
0	9	28	396
1	9	28	30
0	9	29	337
1	9	29	11
0	9	30	259
1	9	30	6
0	9	31	317
0	9	32	401
1	9	32	18
0	9	33	268
1	9	33	30
0	9	34	231
1	9	34	650
0	9	35	223
1	9	35	26
0	9	36	315
1	9	36	7
0	9	37	279
1	9	37	10
0	9	38	321
1	9	38	17
0	9	39	8
0	9	40	2
1	9	40	1
0	9	41	2
0	9	43	4
0	9	44	14
0	9	46	2
0	9	65	1
0	9	66	7
0	9	68	6
0	9	69	6
0	9	70	1
0	9	71	418
1	9	71	18
0	9	72	337
1	9	72	14
0	9	73	408
1	9	73	14
0	9	74	332
1	9	74	12
0	9	75	261
1	9	75	10
0	9	76	259
0	9	77	274
1	9	77	23
0	9	78	515
1	9	78	18
0	9	79	382
1	9	79	14
0	9	80	290
1	9	80	14
0	9	81	381
1	9	81	7
0	9	82	365
1	9	82	9
0	9	83	407
1	9	83	13
0	9	84	200
1	9	84	12
0	9	85	383
1	9	85	7
0	9	86	349
1	9	86	16
0	9	87	416
1	9	87	30
0	9	88	215
1	9	88	17
0	9	89	416
1	9	89	19
0	9	90	436
1	9	90	19
0	9	91	266
1	9	91	3
0	9	92	364
1	9	92	16
0	9	93	456
1	9	93	38
0	9	94	325
1	9	94	10
0	9	95	217
1	9	95	11
0	9	96	296
1	9	96	14
0	9	97	265
1	9	97	18
0	9	98	355
1	9	98	15
0	9	99	155
1	9	99	5
0	9	100	310
1	9	100	20
0	9	101	445
1	9	101	13
0	9	102	185
1	9	102	15
0	9	103	305
1	9	103	14
0	9	104	396
1	9	104	19
0	9	105	369
1	9	105	15
0	9	106	336
1	9	106	7
0	9	107	429
1	9	107	19
0	9	108	267
1	9	108	7
0	9	109	341
1	9	109	17
0	9	110	482
1	9	110	47
0	9	111	499
1	9	111	22
0	9	112	471
1	9	112	13
0	9	113	436
1	9	113	50
0	9	114	326
1	9	114	9
0	9	115	326
1	9	115	8
0	9	116	372
1	9	116	20
0	9	117	463
1	9	117	604
0	9	118	337
1	9	118	18
0	9	119	522
1	9	119	13
0	9	120	446
1	9	120	57
0	9	121	374
1	9	121	6
0	9	122	467
1	9	122	12
0	9	123	251
1	9	123	1068
0	9	124	310
1	9	124	337
0	9	125	269
1	9	125	12
0	9	126	312
1	9	126	22
0	9	127	177
1	9	127	17
0	9	128	269
1	9	128	44
0	9	129	301
1	9	129	12
0	9	130	220
1	9	130	25
0	9	131	119
1	9	131	6
0	9	132	261
1	9	132	11
0	9	133	247
1	9	133	11
0	9	134	257
1	9	134	5
0	9	135	329
1	9	135	17
0	9	136	302
1	9	136	31
0	9	137	318
1	9	137	8
0	9	138	318
1	9	138	16
0	9	139	122
1	9	139	649
0	9	140	115
1	9	140	10
0	10	0	235
1	10	0	12
0	10	1	489
1	10	1	16
0	10	2	588
1	10	2	27
0	10	3	548
1	10	3	18
0	10	4	514
1	10	4	21
0	10	5	437
1	10	5	16
0	10	6	554
1	10	6	1439
0	10	7	464
1	10	7	34
0	10	8	520
1	10	8	12
0	10	9	363
1	10	9	9
0	10	10	461
1	10	10	16
0	10	11	435
1	10	11	17
0	10	12	410
1	10	12	28
0	10	13	520
1	10	13	16
0	10	14	507
1	10	14	19
0	10	15	370
1	10	15	29
0	10	16	402
1	10	16	31
0	10	17	336
1	10	17	24
0	10	18	353
1	10	18	13
0	10	19	438
1	10	19	18
0	10	20	457
1	10	20	24
0	10	21	280
1	10	21	4
0	10	22	194
1	10	22	2
0	10	23	283
1	10	23	8
0	10	24	383
1	10	24	25
0	10	25	324
1	10	25	15
0	10	26	376
1	10	26	9
0	10	27	330
1	10	27	13
0	10	28	324
1	10	28	16
0	10	29	511
1	10	29	17
0	10	30	464
1	10	30	305
0	10	31	289
1	10	31	20
0	10	32	272
1	10	32	14
0	10	33	382
1	10	33	22
0	10	34	327
1	10	34	14
0	10	35	203
1	10	35	1036
0	10	36	377
1	10	36	8
0	10	37	238
1	10	37	5
0	10	38	149
1	10	38	3
0	10	39	3
0	10	42	48
1	10	42	2
0	10	43	251
1	10	43	17
0	10	44	453
1	10	44	30
0	10	45	338
1	10	45	20
0	10	46	34
1	10	46	4
0	10	47	94
1	10	47	3
0	10	48	139
1	10	48	4
0	10	49	274
1	10	49	145
0	10	50	432
1	10	50	562
0	10	51	49
1	10	51	4
0	10	52	357
1	10	52	8
0	10	53	450
1	10	53	18
0	10	54	431
1	10	54	128
0	10	55	362
1	10	55	10
0	10	56	296
1	10	56	16
0	10	57	294
1	10	57	8
0	10	58	297
1	10	58	3
0	10	59	362
1	10	59	472
0	10	60	298
1	10	60	310
0	10	61	401
1	10	61	124
0	10	62	326
1	10	62	1454
0	10	63	320
1	10	63	13
0	10	64	329
1	10	64	618
0	10	65	279
1	10	65	6
0	10	66	278
1	10	66	11
0	10	67	389
1	10	67	8
0	10	68	386
1	10	68	14
0	10	69	203
1	10	69	19
0	10	70	215
1	10	70	6
0	10	71	470
1	10	71	24
0	10	72	436
1	10	72	19
0	10	73	390
1	10	73	23
0	10	74	99
1	10	74	4
0	10	75	122
1	10	75	11
0	10	76	155
1	10	76	3
0	10	77	307
1	10	77	29
0	10	78	407
1	10	78	5
0	10	79	419
1	10	79	26
0	10	80	496
1	10	80	45
0	10	81	226
1	10	81	294
0	10	82	351
1	10	82	26
0	10	83	385
1	10	83	22
0	10	84	355
1	10	84	17
0	10	85	437
1	10	85	9
0	10	86	338
1	10	86	18
0	10	87	394
1	10	87	20
0	10	88	213
1	10	88	14
0	10	89	249
1	10	89	5
0	10	90	393
1	10	90	464
0	10	91	372
1	10	91	14
0	10	92	349
1	10	92	11
0	10	93	181
1	10	93	14
0	10	94	190
1	10	94	41
0	10	95	394
1	10	95	12
0	10	96	156
1	10	96	7
0	10	97	353
1	10	97	29
0	10	98	342
1	10	98	14
0	10	99	246
1	10	99	18
0	10	100	344
1	10	100	14
0	10	101	301
1	10	101	224
0	10	102	248
1	10	102	22
0	10	103	117
1	10	103	5
0	10	104	173
1	10	104	118
0	10	105	264
1	10	105	15
0	10	106	408
1	10	106	16
0	10	107	323
1	10	107	5
0	10	108	367
1	10	108	47
0	10	109	412
1	10	109	11
0	10	110	317
1	10	110	14
0	10	111	243
1	10	111	6
0	10	112	365
1	10	112	21
0	10	113	402
1	10	113	16
0	10	114	292
1	10	114	8
0	10	115	435
1	10	115	20
0	10	116	311
1	10	116	9
0	10	117	320
1	10	117	16
0	10	118	312
1	10	118	9
0	10	119	389
1	10	119	11
0	10	120	356
1	10	120	20
0	10	121	336
1	10	121	14
0	10	122	543
1	10	122	10
0	10	123	432
1	10	123	26
0	10	124	371
1	10	124	34
0	10	125	435
1	10	125	17
0	10	126	345
1	10	126	18
0	10	127	425
1	10	127	14
0	10	128	400
1	10	128	9
0	10	129	453
1	10	129	24
0	10	130	505
1	10	130	23
0	10	131	397
1	10	131	15
0	10	132	583
1	10	132	23
0	10	133	396
1	10	133	20
0	10	134	178
1	10	134	22
0	11	0	131
1	11	0	736
0	11	1	182
1	11	1	15
0	11	2	245
1	11	2	357
0	11	3	246
1	11	3	12
0	11	4	455
1	11	4	27
0	11	5	553
1	11	5	39
0	11	6	426
1	11	6	20
0	11	7	402
1	11	7	17
0	11	8	376
1	11	8	20
0	11	9	258
1	11	9	6
0	11	10	347
1	11	10	17
0	11	11	623
1	11	11	25
0	11	12	529
1	11	12	20
0	11	13	444
1	11	13	18
0	11	14	195
1	11	14	155
0	11	15	375
1	11	15	80
0	11	16	242
1	11	16	20
0	11	17	327
1	11	17	45
0	11	18	342
1	11	18	13
0	11	19	537
1	11	19	31
0	11	20	518
1	11	20	17
0	11	21	440
1	11	21	16
0	11	22	319
1	11	22	11
0	11	23	373
1	11	23	91
0	11	24	330
1	11	24	14
0	11	25	361
1	11	25	14
0	11	26	390
1	11	26	25
0	11	27	284
1	11	27	12
0	11	28	183
1	11	28	2
0	11	29	265
1	11	29	20
0	11	30	310
1	11	30	21
0	11	31	169
1	11	31	5
0	11	32	318
1	11	32	9
0	11	33	305
1	11	33	12
0	11	34	459
1	11	34	13
0	11	35	473
1	11	35	365
0	11	36	440
1	11	36	51
0	11	37	287
1	11	37	10
0	11	38	220
1	11	38	13
0	11	39	251
1	11	39	3
0	11	40	302
1	11	40	6
0	11	41	363
1	11	41	18
0	11	42	375
1	11	42	12
0	11	43	319
1	11	43	30
0	11	44	463
1	11	44	17
0	11	45	350
1	11	45	10
0	11	46	110
1	11	46	44
0	11	47	119
1	11	47	18
0	11	48	155
1	11	48	3
0	11	49	150
1	11	49	6
0	11	50	77
0	11	51	51
0	11	54	10
0	11	55	248
1	11	55	10
0	11	56	308
1	11	56	8
0	11	57	247
1	11	57	24
0	11	58	237
1	11	58	10
0	11	59	240
1	11	59	11
0	11	60	314
1	11	60	336
0	11	61	217
1	11	61	21
0	11	62	202
1	11	62	20
0	11	63	156
1	11	63	14
0	11	64	142
1	11	64	17
0	11	65	164
1	11	65	16
0	11	66	83
1	11	66	11
0	11	67	111
1	11	67	9
0	11	68	226
1	11	68	23
0	11	69	317
1	11	69	29
0	11	70	264
1	11	70	67
0	11	71	239
1	11	71	360
0	11	72	165
1	11	72	28
0	11	73	173
1	11	73	6
0	11	74	266
1	11	74	16
0	11	75	249
1	11	75	16
0	11	76	300
1	11	76	486
0	11	77	204
1	11	77	6
0	11	78	390
1	11	78	16
0	11	79	456
1	11	79	28
0	11	80	419
1	11	80	31
0	11	81	425
1	11	81	13
0	11	82	288
1	11	82	21
0	11	83	330
1	11	83	21
0	11	84	292
1	11	84	25
0	11	85	233
1	11	85	22
0	11	86	406
1	11	86	14
0	11	87	357
1	11	87	12
0	11	88	308
1	11	88	21
0	11	89	140
1	11	89	7
0	11	90	341
1	11	90	4
0	11	91	341
1	11	91	12
0	11	92	337
1	11	92	10
0	11	93	333
1	11	93	11
0	11	94	357
1	11	94	16
0	11	95	419
1	11	95	28
0	11	96	255
1	11	96	14
0	11	97	332
1	11	97	20
0	11	98	363
1	11	98	17
0	11	99	409
1	11	99	15
0	11	100	411
1	11	100	16
0	11	101	307
1	11	101	8
0	11	102	329
1	11	102	19
0	11	103	392
1	11	103	27
0	11	104	320
1	11	104	19
0	11	105	244
1	11	105	9
0	11	106	315
1	11	106	13
0	11	107	312
1	11	107	13
0	11	108	236
1	11	108	8
0	11	109	234
1	11	109	14
0	11	110	366
1	11	110	15
0	11	111	237
1	11	111	28
0	11	112	386
1	11	112	11
0	11	113	376
1	11	113	16
0	11	114	390
1	11	114	614
0	11	115	361
1	11	115	87
0	11	116	441
1	11	116	53
0	11	117	417
1	11	117	46
0	11	118	222
1	11	118	771
0	11	119	359
1	11	119	16
0	11	120	378
1	11	120	18
0	11	121	361
1	11	121	8
0	11	122	355
1	11	122	13
0	11	123	442
1	11	123	17
0	11	124	353
1	11	124	49
0	11	125	356
1	11	125	49
0	11	126	467
1	11	126	31
0	11	127	345
1	11	127	30
0	11	128	431
1	11	128	627
0	11	129	279
1	11	129	11
0	11	130	378
1	11	130	30
0	11	131	531
1	11	131	13
0	11	132	434
1	11	132	16
0	11	133	412
1	11	133	21
0	12	0	265
1	12	0	16
0	12	1	270
1	12	1	15
0	12	2	376
1	12	2	430
0	12	3	407
1	12	3	14
0	12	4	425
1	12	4	26
0	12	5	598
1	12	5	29
0	12	6	290
1	12	6	403
0	12	7	192
1	12	7	21
0	12	8	196
1	12	8	13
0	12	9	299
1	12	9	772
0	12	10	368
1	12	10	190
0	12	11	271
1	12	11	18
0	12	12	341
1	12	12	19
0	12	13	530
1	12	13	22
0	12	14	255
1	12	14	11
0	12	15	290
1	12	15	10
0	12	16	284
1	12	16	21
0	12	17	254
1	12	17	8
0	12	18	258
1	12	18	13
0	12	19	367
1	12	19	15
0	12	20	333
1	12	20	12
0	12	21	270
1	12	21	18
0	12	22	283
1	12	22	6
0	12	23	315
1	12	23	4
0	12	24	399
1	12	24	19
0	12	25	402
1	12	25	21
0	12	26	398
1	12	26	20
0	12	27	330
1	12	27	9
0	12	28	322
1	12	28	9
0	12	29	411
1	12	29	26
0	12	30	495
1	12	30	10
0	12	31	348
1	12	31	5
0	12	32	386
1	12	32	14
0	12	33	290
1	12	33	12
0	12	34	86
1	12	34	1
0	12	37	15
0	12	38	108
1	12	38	10
0	12	39	206
1	12	39	5
0	12	40	320
1	12	40	1916
0	12	41	350
1	12	41	7
0	12	42	300
1	12	42	18
0	12	43	376
1	12	43	13
0	12	44	232
1	12	44	10
0	12	45	258
1	12	45	4
0	12	46	213
1	12	46	17
0	12	47	328
1	12	47	14
0	12	48	311
1	12	48	111
0	12	49	108
1	12	49	15
0	12	50	160
1	12	50	6
0	12	51	238
1	12	51	12
0	12	52	402
1	12	52	27
0	12	53	284
1	12	53	20
0	12	54	252
1	12	54	6
0	12	55	293
1	12	55	8
0	12	56	176
1	12	56	766
0	12	57	151
1	12	57	476
0	12	58	318
1	12	58	972
0	12	59	281
1	12	59	41
0	12	60	253
1	12	60	5
0	12	61	247
1	12	61	8
0	12	62	259
1	12	62	12
0	12	63	375
1	12	63	8
0	12	64	177
1	12	64	7
0	12	65	230
1	12	65	8
0	12	66	318
1	12	66	17
0	12	67	414
1	12	67	11
0	12	68	441
1	12	68	241
0	12	69	300
1	12	69	12
0	12	70	381
1	12	70	29
0	12	71	376
1	12	71	10
0	12	72	258
1	12	72	7
0	12	73	235
1	12	73	10
0	12	74	209
1	12	74	5
0	12	75	264
1	12	75	10
0	12	76	325
1	12	76	13
0	12	77	373
1	12	77	26
0	12	78	339
1	12	78	15
0	12	79	226
1	12	79	14
0	12	80	209
1	12	80	5
0	12	81	287
1	12	81	12
0	12	82	244
1	12	82	6
0	12	83	291
1	12	83	8
0	12	84	274
1	12	84	19
0	12	85	186
1	12	85	6
0	12	86	190
1	12	86	2
0	12	87	177
1	12	87	6
0	12	88	212
1	12	88	4
0	12	89	252
1	12	89	12
0	12	90	243
1	12	90	9
0	12	91	279
0	12	92	404
1	12	92	20
0	12	93	227
1	12	93	10
0	12	94	416
1	12	94	15
0	12	95	395
1	12	95	19
0	12	96	370
1	12	96	18
0	12	97	422
1	12	97	30
0	12	98	320
1	12	98	13
0	12	99	250
1	12	99	10
0	12	100	216
1	12	100	14
0	12	101	346
1	12	101	15
0	12	102	274
1	12	102	8
0	12	103	327
1	12	103	14
0	12	104	444
1	12	104	27
0	12	105	394
1	12	105	18
0	12	106	454
1	12	106	25
0	12	107	314
1	12	107	23
0	12	108	420
1	12	108	14
0	12	109	237
1	12	109	22
0	12	110	133
1	12	110	15
0	12	111	156
1	12	111	359
0	12	112	108
1	12	112	924
0	12	113	267
1	12	113	64
0	12	114	536
1	12	114	17
0	12	115	476
1	12	115	34
0	12	116	423
1	12	116	24
0	12	117	344
1	12	117	19
0	12	118	328
1	12	118	16
0	12	119	399
1	12	119	11
0	12	120	191
1	12	120	9
0	12	121	255
1	12	121	25
0	12	122	131
1	12	122	11
0	12	123	100
1	12	123	671
0	12	124	289
1	12	124	16
0	12	125	369
1	12	125	7
0	12	126	495
1	12	126	16
0	12	127	469
1	12	127	10
0	12	128	507
1	12	128	11
0	12	129	525
1	12	129	253
0	12	130	535
1	12	130	17
0	12	131	431
1	12	131	20
0	12	132	176
1	12	132	19
0	13	19	262
1	13	19	5
0	13	20	248
1	13	20	18
0	13	21	298
1	13	21	17
0	13	22	442
1	13	22	26
0	13	23	404
1	13	23	30
0	13	24	517
1	13	24	15
0	13	25	366
1	13	25	11
0	13	26	376
1	13	26	10
0	13	27	473
1	13	27	239
0	13	28	372
1	13	28	58
0	13	29	402
1	13	29	25
0	13	30	442
1	13	30	32
0	13	31	449
1	13	31	13
0	13	32	366
1	13	32	16
0	13	33	357
1	13	33	22
0	13	34	391
1	13	34	26
0	13	35	216
1	13	35	6
0	13	36	424
1	13	36	18
0	13	37	326
1	13	37	7
0	13	38	399
1	13	38	16
0	13	39	393
1	13	39	12
0	13	40	404
1	13	40	29
0	13	41	215
1	13	41	13
0	13	42	341
1	13	42	487
0	13	43	424
1	13	43	190
0	13	44	415
1	13	44	1022
0	13	45	203
1	13	45	8
0	13	46	354
1	13	46	23
0	13	47	416
1	13	47	26
0	13	48	275
1	13	48	10
0	13	49	239
1	13	49	8
0	13	50	234
1	13	50	23
0	13	51	353
1	13	51	38
0	13	52	188
1	13	52	8
0	13	53	285
1	13	53	5
0	13	54	289
1	13	54	13
0	13	55	249
1	13	55	6
0	13	56	190
1	13	56	7
0	13	57	154
1	13	57	2
0	13	58	187
1	13	58	12
0	13	59	368
1	13	59	23
0	13	60	283
1	13	60	9
0	13	61	358
1	13	61	6
0	13	62	229
1	13	62	7
0	13	63	198
1	13	63	13
0	13	64	269
1	13	64	12
0	13	65	222
1	13	65	12
0	13	66	292
1	13	66	12
0	13	67	287
1	13	67	52
0	13	68	186
1	13	68	2
0	13	69	341
1	13	69	10
0	13	70	317
1	13	70	4
0	13	71	322
1	13	71	7
0	13	72	346
1	13	72	10
0	13	73	373
1	13	73	24
0	13	74	421
1	13	74	16
0	13	75	355
1	13	75	17
0	13	76	408
1	13	76	26
0	13	77	303
1	13	77	17
0	13	78	362
1	13	78	12
0	13	79	331
1	13	79	15
0	13	80	299
1	13	80	25
0	13	81	266
1	13	81	7
0	13	82	258
1	13	82	12
0	13	83	249
1	13	83	26
0	13	84	242
1	13	84	9
0	13	85	347
1	13	85	8
0	13	86	260
1	13	86	9
0	13	87	208
1	13	87	8
0	13	88	199
1	13	88	2
0	13	89	236
1	13	89	9
0	13	90	328
1	13	90	6
0	13	91	277
1	13	91	13
0	13	92	335
1	13	92	10
0	13	93	352
1	13	93	10
0	13	94	378
1	13	94	9
0	13	95	449
1	13	95	18
0	13	96	206
1	13	96	11
0	13	97	296
1	13	97	6
0	13	98	321
1	13	98	23
0	13	99	372
1	13	99	29
0	13	100	301
1	13	100	235
0	13	101	432
1	13	101	21
0	13	102	468
1	13	102	18
0	13	103	465
1	13	103	22
0	13	104	416
1	13	104	16
0	13	105	443
1	13	105	16
0	13	106	492
1	13	106	16
0	13	107	416
1	13	107	17
0	13	108	477
1	13	108	12
0	13	109	479
1	13	109	12
0	13	110	472
1	13	110	40
0	13	111	428
1	13	111	21
0	13	112	366
1	13	112	24
0	13	113	301
1	13	113	12
0	13	114	175
1	13	114	11
1	14	19	1
0	14	20	269
1	14	20	32
0	14	21	354
1	14	21	19
0	14	22	489
1	14	22	21
0	14	23	296
1	14	23	23
0	14	24	287
1	14	24	36
0	14	25	414
1	14	25	9
0	14	26	311
1	14	26	8
0	14	27	283
1	14	27	12
0	14	28	211
1	14	28	9
0	14	29	202
1	14	29	4
0	14	30	264
1	14	30	20
0	14	31	204
1	14	31	10
0	14	32	327
1	14	32	15
0	14	33	524
1	14	33	38
0	14	34	416
1	14	34	12
0	14	35	185
1	14	35	966
0	14	36	280
1	14	36	10
0	14	37	375
1	14	37	13
0	14	38	234
1	14	38	10
0	14	39	230
1	14	39	36
0	14	40	295
1	14	40	20
0	14	41	284
1	14	41	9
0	14	42	255
1	14	42	6
0	14	43	253
1	14	43	19
0	14	44	251
1	14	44	9
0	14	45	143
1	14	45	11
0	14	46	231
1	14	46	9
0	14	47	282
1	14	47	10
0	14	48	286
1	14	48	2
0	14	49	262
1	14	49	11
0	14	50	220
1	14	50	15
0	14	51	368
1	14	51	22
0	14	52	475
1	14	52	33
0	14	53	268
1	14	53	13
0	14	54	320
1	14	54	5
0	14	55	298
1	14	55	27
0	14	56	463
1	14	56	15
0	14	57	312
1	14	57	8
0	14	58	293
1	14	58	10
0	14	59	426
1	14	59	18
0	14	60	196
1	14	60	9
0	14	61	271
1	14	61	26
0	14	62	354
1	14	62	22
0	14	63	331
1	14	63	13
0	14	64	186
1	14	64	9
0	14	65	304
1	14	65	21
0	14	66	262
1	14	66	11
0	14	67	151
1	14	67	7
0	14	68	273
1	14	68	8
0	14	69	369
1	14	69	425
0	14	70	317
1	14	70	12
0	14	71	251
1	14	71	23
0	14	72	447
1	14	72	14
0	14	73	300
1	14	73	31
0	14	74	244
1	14	74	24
0	14	75	274
1	14	75	21
0	14	76	313
1	14	76	18
0	14	77	382
1	14	77	23
0	14	78	421
1	14	78	17
0	14	79	306
1	14	79	13
0	14	80	334
1	14	80	16
0	14	81	259
1	14	81	1360
0	14	82	293
1	14	82	16
0	14	83	350
1	14	83	19
0	14	84	298
1	14	84	18
0	14	85	300
1	14	85	18
0	14	86	381
1	14	86	10
0	14	87	249
1	14	87	7
0	14	88	320
1	14	88	1165
0	14	89	324
1	14	89	8
0	14	90	303
1	14	90	8
0	14	91	283
1	14	91	35
0	14	92	345
1	14	92	16
0	14	93	266
1	14	93	16
0	14	94	418
1	14	94	30
0	14	95	491
1	14	95	19
0	14	96	436
1	14	96	19
0	14	97	391
1	14	97	13
0	14	98	481
1	14	98	560
0	14	99	494
1	14	99	13
0	14	100	262
1	14	100	7
0	14	101	338
1	14	101	132
0	14	102	158
1	14	102	8
0	14	103	191
1	14	103	32
0	14	104	151
1	14	104	53
0	14	105	101
1	14	105	8
0	14	106	35
1	14	106	4
0	15	20	25
0	15	21	18
0	15	22	92
1	15	22	4
0	15	23	156
1	15	23	2
0	15	24	272
1	15	24	11
0	15	25	354
1	15	25	18
0	15	26	411
1	15	26	16
0	15	27	344
1	15	27	18
0	15	28	134
1	15	28	4
0	15	29	289
1	15	29	11
0	15	30	105
1	15	30	12
0	15	31	292
1	15	31	26
0	15	32	175
1	15	32	21
0	15	33	564
1	15	33	25
0	15	34	317
1	15	34	21
0	15	35	294
1	15	35	5
0	15	36	398
1	15	36	17
0	15	37	324
1	15	37	13
0	15	38	316
1	15	38	359
0	15	39	488
1	15	39	19
0	15	40	250
1	15	40	14
0	15	41	138
1	15	41	19
0	15	42	250
1	15	42	15
0	15	43	94
1	15	43	9
0	15	44	101
1	15	44	6
0	15	45	245
1	15	45	16
0	15	46	342
1	15	46	21
0	15	47	329
1	15	47	19
0	15	48	319
1	15	48	22
0	15	49	215
1	15	49	3
0	15	50	280
1	15	50	15
0	15	51	243
1	15	51	20
0	15	52	279
1	15	52	5
0	15	53	449
1	15	53	23
0	15	54	403
1	15	54	23
0	15	55	281
1	15	55	24
0	15	56	232
1	15	56	13
0	15	57	339
1	15	57	29
0	15	58	506
1	15	58	43
0	15	59	290
1	15	59	18
0	15	60	345
1	15	60	17
0	15	61	581
1	15	61	49
0	15	62	378
1	15	62	20
0	15	63	376
1	15	63	22
0	15	64	178
1	15	64	12
0	15	65	152
1	15	65	5
0	15	66	289
1	15	66	14
0	15	67	335
1	15	67	182
0	15	68	307
1	15	68	14
0	15	69	235
1	15	69	21
0	15	70	368
1	15	70	21
0	15	71	318
1	15	71	6
0	15	72	142
1	15	72	5
0	15	73	205
1	15	73	14
0	15	74	222
1	15	74	28
0	15	75	95
1	15	75	17
0	15	76	202
1	15	76	9
0	15	77	156
1	15	77	5
0	15	78	277
1	15	78	19
0	15	79	423
1	15	79	511
0	15	80	359
1	15	80	27
0	15	81	310
1	15	81	17
0	15	82	182
1	15	82	2
0	15	83	130
1	15	83	16
0	15	84	193
1	15	84	8
0	15	85	199
1	15	85	6
0	15	86	464
1	15	86	34
0	15	87	467
1	15	87	12
0	15	88	368
1	15	88	36
0	15	89	333
1	15	89	33
0	15	90	269
1	15	90	9
0	15	91	327
1	15	91	28
0	15	92	482
1	15	92	25
0	15	93	495
1	15	93	55
0	15	94	430
1	15	94	18
0	15	95	393
1	15	95	18
0	15	96	423
1	15	96	23
0	15	97	279
1	15	97	26
0	15	98	398
1	15	98	9
0	15	99	357
1	15	99	19
0	15	100	388
1	15	100	17
0	15	101	455
1	15	101	12
0	16	0	143
1	16	0	19
0	16	1	175
1	16	1	25
0	16	2	118
1	16	2	21
0	16	3	212
1	16	3	15
0	16	4	266
1	16	4	21
0	16	5	577
1	16	5	28
0	16	6	765
1	16	6	55
0	16	7	813
1	16	7	41
0	16	8	553
1	16	8	20
0	16	9	512
1	16	9	8
0	16	10	503
1	16	10	46
0	16	11	388
1	16	11	1769
0	16	12	507
1	16	12	18
0	16	13	510
1	16	13	17
0	16	14	151
1	16	14	4
0	16	15	136
1	16	15	1
0	16	16	167
1	16	16	7
0	16	17	347
1	16	17	16
0	16	18	116
1	16	18	4
0	16	19	296
1	16	19	7
0	16	20	293
1	16	20	7
0	16	21	115
1	16	21	4
0	16	22	177
1	16	22	8
0	16	23	243
1	16	23	61
0	16	24	301
1	16	24	20
0	16	25	372
1	16	25	23
0	16	26	444
1	16	26	16
0	16	27	324
1	16	27	43
0	16	28	128
1	16	28	389
0	16	29	92
1	16	29	28
0	16	30	55
1	16	30	477
0	16	31	108
1	16	31	438
0	16	32	5
0	16	33	4
0	16	34	80
1	16	34	4
0	16	35	8
1	16	35	1
0	16	46	37
1	16	46	3
0	16	47	87
1	16	47	6
0	16	48	200
1	16	48	11
0	16	49	383
1	16	49	13
0	16	50	263
1	16	50	364
0	16	51	407
1	16	51	18
0	16	52	375
1	16	52	47
0	16	53	254
1	16	53	54
0	16	54	401
1	16	54	14
0	16	55	502
1	16	55	32
0	16	56	287
1	16	56	15
0	16	57	303
1	16	57	42
0	16	58	272
1	16	58	26
0	16	59	290
1	16	59	18
0	16	60	281
1	16	60	7
0	16	61	232
1	16	61	8
0	16	62	272
1	16	62	17
0	16	63	300
1	16	63	14
0	16	64	313
1	16	64	61
0	16	65	418
1	16	65	11
0	16	66	307
1	16	66	19
0	16	67	64
1	16	67	24
0	16	68	184
1	16	68	763
0	16	69	173
1	16	69	16
0	16	70	151
1	16	70	16
0	16	71	222
1	16	71	14
0	16	72	213
1	16	72	21
0	16	73	434
1	16	73	17
0	16	74	266
1	16	74	28
0	16	75	214
1	16	75	754
0	16	76	431
1	16	76	5
0	16	77	719
1	16	77	27
0	16	78	759
1	16	78	26
0	16	79	731
1	16	79	38
0	16	80	618
1	16	80	34
0	16	81	544
1	16	81	39
0	16	82	743
1	16	82	28
0	16	83	833
1	16	83	21
0	16	84	559
1	16	84	36
0	16	85	368
1	16	85	54
0	16	86	733
1	16	86	144
0	16	87	382
1	16	87	20
0	16	88	173
1	16	88	22
0	16	89	170
1	16	89	22
0	17	0	201
1	17	0	14
0	17	1	187
1	17	1	19
0	17	2	207
1	17	2	12
0	17	3	303
1	17	3	25
0	17	4	222
1	17	4	37
0	17	5	328
1	17	5	37
0	17	6	372
1	17	6	21
0	17	7	169
1	17	7	35
0	17	8	278
1	17	8	18
0	17	9	415
1	17	9	25
0	17	10	369
1	17	10	15
0	17	11	347
1	17	11	8
0	17	12	363
1	17	12	14
0	17	13	424
1	17	13	22
0	17	14	446
1	17	14	11
0	17	15	255
1	17	15	13
0	17	16	171
1	17	16	16
0	17	17	209
1	17	17	13
0	17	18	126
1	17	18	20
0	17	19	158
1	17	19	17
0	17	20	115
1	17	20	3
0	17	21	116
1	17	21	19
0	17	22	23
0	17	25	129
1	17	25	231
0	17	26	138
1	17	26	451
0	17	27	127
1	17	27	8
0	17	28	104
1	17	28	11
0	17	29	134
1	17	29	6
0	17	30	200
1	17	30	13
0	17	31	471
1	17	31	30
0	17	32	552
1	17	32	512
0	17	33	271
1	17	33	12
0	17	34	186
1	17	34	47
0	17	35	247
1	17	35	6
0	17	36	195
1	17	36	7
0	17	37	132
1	17	37	786
0	17	38	165
1	17	38	762
0	17	39	330
1	17	39	15
0	17	40	115
1	17	40	775
0	17	41	194
1	17	41	13
0	17	42	152
1	17	42	7
0	17	43	222
1	17	43	43
0	17	44	171
1	17	44	34
0	17	45	184
1	17	45	28
0	17	46	205
1	17	46	24
0	17	47	200
1	17	47	26
0	17	48	258
1	17	48	10
0	17	49	309
1	17	49	12
0	17	50	310
1	17	50	9
0	17	51	264
1	17	51	3
0	17	52	272
1	17	52	8
0	17	53	368
1	17	53	28
0	17	54	402
1	17	54	17
0	17	55	403
1	17	55	11
0	17	56	149
1	17	56	16
0	17	57	124
1	17	57	11
0	17	58	90
1	17	58	8
0	17	59	184
1	17	59	33
0	17	60	124
1	17	60	15
0	17	61	122
1	17	61	13
0	17	62	152
1	17	62	11
0	17	63	310
1	17	63	17
0	17	64	383
1	17	64	18
0	17	65	208
1	17	65	9
0	17	66	319
1	17	66	16
0	17	67	237
1	17	67	13
0	17	68	366
1	17	68	32
0	17	69	392
1	17	69	9
0	17	70	434
1	17	70	29
0	17	71	372
1	17	71	17
0	17	72	278
1	17	72	13
0	17	73	138
1	17	73	39
0	17	74	269
1	17	74	15
0	17	75	322
1	17	75	39
0	17	76	282
1	17	76	22
0	17	77	263
1	17	77	13
0	17	78	281
1	17	78	19
0	17	79	97
1	17	79	9
0	17	80	186
1	17	80	15
0	18	0	373
1	18	0	30
0	18	1	356
1	18	1	10
0	18	2	357
1	18	2	22
0	18	3	370
1	18	3	10
0	18	4	398
1	18	4	16
0	18	5	415
1	18	5	17
0	18	6	393
1	18	6	17
0	18	7	356
1	18	7	17
0	18	8	503
1	18	8	40
0	18	9	347
1	18	9	19
0	18	10	499
1	18	10	18
0	18	11	365
1	18	11	4
0	18	12	207
1	18	12	525
0	18	13	360
1	18	13	18
0	18	14	134
0	18	15	14
0	18	18	32
1	18	18	1
0	18	19	162
1	18	19	4
0	18	20	251
1	18	20	164
0	18	21	264
1	18	21	13
0	18	22	388
1	18	22	18
0	18	23	293
1	18	23	15
0	18	24	345
1	18	24	17
0	18	25	292
1	18	25	18
0	18	26	243
1	18	26	8
0	18	27	261
1	18	27	8
0	18	28	355
1	18	28	35
0	18	29	313
1	18	29	21
0	18	30	232
1	18	30	12
0	18	31	223
1	18	31	12
0	18	32	266
1	18	32	13
0	18	33	288
1	18	33	16
0	18	34	275
1	18	34	4
0	18	35	355
1	18	35	9
0	18	36	318
1	18	36	3
0	18	37	236
1	18	37	12
0	18	38	314
1	18	38	24
0	18	39	298
1	18	39	18
0	18	40	282
1	18	40	11
0	18	41	247
1	18	41	7
0	18	42	375
1	18	42	562
0	18	43	348
1	18	43	21
0	18	44	308
1	18	44	16
0	18	45	371
1	18	45	23
0	18	46	281
1	18	46	16
0	18	47	428
1	18	47	18
0	18	48	319
1	18	48	7
0	18	49	383
1	18	49	10
0	18	50	358
1	18	50	17
0	18	51	286
1	18	51	13
0	18	52	234
1	18	52	7
0	18	53	294
1	18	53	21
0	18	54	311
1	18	54	9
0	18	55	437
1	18	55	15
0	18	56	363
1	18	56	32
0	18	57	417
1	18	57	41
0	18	58	306
1	18	58	17
0	18	59	360
1	18	59	16
0	18	60	303
1	18	60	19
0	18	61	366
1	18	61	16
0	18	62	280
1	18	62	29
0	18	63	325
1	18	63	8
0	18	64	259
1	18	64	11
0	18	65	415
1	18	65	31
0	18	66	336
1	18	66	14
0	18	67	337
1	18	67	357
0	18	68	328
1	18	68	10
0	18	69	388
1	18	69	12
0	18	70	404
1	18	70	16
0	18	71	505
1	18	71	26
0	18	72	360
1	18	72	13
0	18	73	523
1	18	73	24
0	18	74	411
1	18	74	15
0	18	75	454
1	18	75	32
0	18	76	289
1	18	76	12
0	18	77	228
1	18	77	22
0	19	0	80
1	19	0	24
0	19	1	97
1	19	1	306
0	19	2	148
1	19	2	14
0	19	3	117
1	19	3	21
0	19	4	110
1	19	4	14
0	19	5	183
1	19	5	11
0	19	6	231
1	19	6	106
0	19	7	206
1	19	7	18
0	19	8	153
1	19	8	22
0	19	9	206
1	19	9	13
0	19	10	128
1	19	10	379
0	19	11	183
1	19	11	32
0	19	12	132
1	19	12	10
0	19	13	167
1	19	13	18
0	19	14	154
1	19	14	9
0	19	15	289
1	19	15	17
0	19	16	205
1	19	16	20
0	19	17	182
1	19	17	14
0	19	18	132
1	19	18	458
0	19	19	147
1	19	19	12
0	19	20	171
1	19	20	6
0	19	21	209
1	19	21	2
0	19	22	225
1	19	22	8
0	19	23	191
1	19	23	9
0	19	24	104
1	19	24	3
0	19	27	3
0	19	28	323
1	19	28	8
0	19	29	390
1	19	29	22
0	19	30	296
1	19	30	21
0	19	31	306
1	19	31	21
0	19	32	308
1	19	32	9
0	19	33	272
1	19	33	21
0	19	34	254
1	19	34	24
0	19	35	271
1	19	35	25
0	19	36	117
1	19	36	23
0	19	37	125
1	19	37	15
0	19	38	175
1	19	38	8
0	19	39	167
1	19	39	12
0	19	40	184
1	19	40	12
0	19	41	165
1	19	41	14
0	19	42	119
1	19	42	10
0	19	43	152
1	19	43	13
0	19	44	298
1	19	44	47
0	19	45	161
1	19	45	31
0	19	46	144
1	19	46	45
0	19	47	117
1	19	47	236
0	19	48	266
1	19	48	14
0	19	49	138
1	19	49	304
0	19	50	150
1	19	50	18
0	19	51	280
1	19	51	42
0	19	52	354
1	19	52	102
0	19	53	304
1	19	53	3
0	19	54	209
1	19	54	259
0	19	55	221
1	19	55	704
0	19	56	317
1	19	56	26
0	19	57	316
1	19	57	14
0	19	58	230
1	19	58	27
0	20	0	422
1	20	0	10
0	20	1	441
1	20	1	565
0	20	2	404
1	20	2	22
0	20	3	260
1	20	3	40
0	20	4	518
1	20	4	30
0	20	5	374
1	20	5	13
0	20	6	452
1	20	6	16
0	20	7	387
1	20	7	9
0	20	8	463
1	20	8	21
0	20	9	415
1	20	9	6
0	20	10	413
1	20	10	15
0	20	11	396
1	20	11	11
0	20	12	455
1	20	12	22
0	20	13	322
1	20	13	8
0	20	14	261
1	20	14	22
0	20	15	548
1	20	15	25
0	20	16	575
1	20	16	32
0	20	17	474
1	20	17	9
0	20	18	362
1	20	18	14
0	20	19	530
1	20	19	31
0	20	20	357
1	20	20	13
0	20	21	226
1	20	21	4
0	20	22	389
1	20	22	10
0	20	23	440
1	20	23	18
0	20	24	410
1	20	24	12
0	20	25	175
1	20	25	6
0	20	26	25
1	20	26	5
0	20	29	51
1	20	29	3
0	20	30	134
1	20	30	11
0	20	31	280
1	20	31	15
0	20	32	127
1	20	32	10
0	20	33	174
1	20	33	38
0	20	34	138
1	20	34	17
0	20	35	127
1	20	35	14
0	20	36	299
1	20	36	10
0	20	37	270
1	20	37	12
0	20	38	401
1	20	38	8
0	20	39	292
1	20	39	15
0	20	40	417
1	20	40	20
0	20	41	446
1	20	41	30
0	20	42	329
1	20	42	25
0	20	43	281
1	20	43	570
0	20	44	315
1	20	44	884
0	20	45	413
1	20	45	22
0	20	46	382
1	20	46	35
0	20	47	282
1	20	47	13
0	20	48	281
1	20	48	566
0	20	49	315
1	20	49	9
0	20	50	344
1	20	50	25
0	20	51	411
1	20	51	14
0	20	52	396
1	20	52	27
0	20	53	389
1	20	53	12
0	20	54	473
1	20	54	13
0	20	55	439
1	20	55	19
0	20	56	459
1	20	56	24
0	20	57	386
1	20	57	19
0	20	58	456
1	20	58	20
0	20	59	542
1	20	59	28
0	20	60	305
1	20	60	26
0	20	61	210
1	20	61	37
0	21	10	4
1	21	10	2
0	21	11	4
0	21	14	58
1	21	14	3
0	21	15	279
1	21	15	15
0	21	16	361
1	21	16	338
0	21	17	265
1	21	17	6
0	21	18	293
1	21	18	10
0	21	19	382
1	21	19	16
0	21	20	379
1	21	20	5
0	21	21	336
1	21	21	9
0	21	22	343
1	21	22	10
0	21	23	358
1	21	23	11
0	21	24	321
0	21	25	411
1	21	25	17
0	21	26	321
1	21	26	16
0	21	27	374
1	21	27	24
0	21	28	479
1	21	28	13
0	21	29	331
1	21	29	6
0	21	30	310
1	21	30	12
0	21	31	338
1	21	31	6
0	21	32	346
1	21	32	9
0	21	33	335
1	21	33	18
0	21	34	273
1	21	34	24
0	21	35	330
1	21	35	12
0	21	36	425
1	21	36	34
0	21	37	361
1	21	37	14
0	21	38	274
1	21	38	40
0	21	39	455
1	21	39	18
0	21	40	423
1	21	40	305
0	21	41	579
1	21	41	18
0	21	42	433
1	21	42	22
0	21	43	472
1	21	43	301
0	21	44	330
1	21	44	32
0	21	45	224
1	21	45	339
0	21	46	324
1	21	46	32
0	21	47	275
1	21	47	15
0	22	16	21
0	22	17	336
1	22	17	44
0	22	18	289
1	22	18	10
0	22	19	283
1	22	19	20
0	22	20	174
1	22	20	21
0	22	21	130
1	22	21	144
0	22	22	308
1	22	22	65
0	22	23	271
1	22	23	12
0	22	24	193
1	22	24	27
0	22	25	349
1	22	25	7
0	22	26	514
1	22	26	19
0	22	27	663
1	22	27	30
0	22	28	246
1	22	28	15
0	22	29	243
1	22	29	130
0	22	30	221
1	22	30	1176
0	22	31	191
1	22	31	11
0	22	32	333
1	22	32	30
0	22	33	471
1	22	33	27
0	22	34	485
1	22	34	9
0	22	35	437
1	22	35	15
0	22	36	259
1	22	36	20
0	22	37	348
1	22	37	437
0	22	38	183
1	22	38	17
0	22	39	207
1	22	39	270
0	22	40	161
1	22	40	12
0	22	41	124
1	22	41	10
0	22	42	195
1	22	42	10
0	22	43	309
1	22	43	28
0	22	44	456
1	22	44	21
0	22	45	412
1	22	45	62
0	22	46	253
1	22	46	43
0	22	47	428
1	22	47	7
0	22	48	550
1	22	48	19
0	22	49	583
1	22	49	24
0	22	50	186
1	22	50	34
